 n     ch_hole col3 col4 col5
    1001 -0.66581461E+01 -0.10294602E-16 -0.73158567E+01  0.36684888E-16
    1002 -0.66591263E+01 -0.10294931E-16 -0.73158567E+01  0.36684888E-16
    1003 -0.66600800E+01 -0.10294981E-16 -0.73158567E+01  0.36684888E-16
    1004 -0.66611778E+01 -0.10294836E-16 -0.73158567E+01  0.36684888E-16
    1005 -0.66623621E+01 -0.10294872E-16 -0.73158567E+01  0.36684888E-16
    1006 -0.66634547E+01 -0.10295644E-16 -0.73158567E+01  0.36684888E-16
    1007 -0.66645726E+01 -0.10295701E-16 -0.73158567E+01  0.36684888E-16
    1008 -0.66658661E+01 -0.10295799E-16 -0.73158567E+01  0.36684888E-16
    1009 -0.66672145E+01 -0.10295427E-16 -0.73158567E+01  0.36684888E-16
    1010 -0.66679682E+01 -0.10295999E-16 -0.73158567E+01  0.36684888E-16
    1011 -0.66691506E+01 -0.10297031E-16 -0.73158567E+01  0.36684888E-16
    1012 -0.66701176E+01 -0.10297201E-16 -0.73158567E+01  0.36684888E-16
    1013 -0.66711882E+01 -0.10297085E-16 -0.73158567E+01  0.36684888E-16
    1014 -0.66722942E+01 -0.10297522E-16 -0.73158567E+01  0.36684888E-16
    1015 -0.66733405E+01 -0.10297980E-16 -0.73158567E+01  0.36684888E-16
    1016 -0.66743744E+01 -0.10298031E-16 -0.73158567E+01  0.36684888E-16
    1017 -0.66754622E+01 -0.10298643E-16 -0.73158567E+01  0.36684888E-16
    1018 -0.66766049E+01 -0.10299942E-16 -0.73158567E+01  0.36684888E-16
    1019 -0.66775597E+01 -0.10299956E-16 -0.73158567E+01  0.36684888E-16
    1020 -0.66785382E+01 -0.10300121E-16 -0.73158567E+01  0.36684888E-16
    1021 -0.66794326E+01 -0.10300839E-16 -0.73158567E+01  0.36684888E-16
    1022 -0.66805115E+01 -0.10301333E-16 -0.73158567E+01  0.36684888E-16
    1023 -0.66814615E+01 -0.10301882E-16 -0.73158567E+01  0.36684888E-16
    1024 -0.66823880E+01 -0.10301719E-16 -0.73158567E+01  0.36684888E-16
    1025 -0.66835664E+01 -0.10301232E-16 -0.73158567E+01  0.36684888E-16
    1026 -0.66844195E+01 -0.10301723E-16 -0.73158567E+01  0.36684888E-16
    1027 -0.66853305E+01 -0.10301765E-16 -0.73158567E+01  0.36684888E-16
    1028 -0.66863948E+01 -0.10302508E-16 -0.73158567E+01  0.36684888E-16
    1029 -0.66873177E+01 -0.10302368E-16 -0.73158567E+01  0.36684888E-16
    1030 -0.66881560E+01 -0.10302471E-16 -0.73158567E+01  0.36684888E-16
    1031 -0.66891717E+01 -0.10301911E-16 -0.73158567E+01  0.36684888E-16
    1032 -0.66901504E+01 -0.10302293E-16 -0.73158567E+01  0.36684888E-16
    1033 -0.66910123E+01 -0.10302297E-16 -0.73158567E+01  0.36684888E-16
    1034 -0.66919181E+01 -0.10302923E-16 -0.73158567E+01  0.36684888E-16
    1035 -0.66927727E+01 -0.10302925E-16 -0.73158567E+01  0.36684888E-16
    1036 -0.66937134E+01 -0.10303269E-16 -0.73158567E+01  0.36684888E-16
    1037 -0.66944701E+01 -0.10303677E-16 -0.73158567E+01  0.36684888E-16
    1038 -0.66956530E+01 -0.10303734E-16 -0.73158567E+01  0.36684888E-16
    1039 -0.66965329E+01 -0.10303346E-16 -0.73158567E+01  0.36684888E-16
    1040 -0.66974890E+01 -0.10303850E-16 -0.73158567E+01  0.36684888E-16
    1041 -0.66983350E+01 -0.10303535E-16 -0.73158567E+01  0.36684888E-16
    1042 -0.66992227E+01 -0.10304150E-16 -0.73158567E+01  0.36684888E-16
    1043 -0.67003474E+01 -0.10304683E-16 -0.73158567E+01  0.36684888E-16
    1044 -0.67012131E+01 -0.10304989E-16 -0.73158567E+01  0.36684888E-16
    1045 -0.67021441E+01 -0.10305350E-16 -0.73158567E+01  0.36684888E-16
    1046 -0.67030790E+01 -0.10305232E-16 -0.73158567E+01  0.36684888E-16
    1047 -0.67040166E+01 -0.10304727E-16 -0.73158567E+01  0.36684888E-16
    1048 -0.67050237E+01 -0.10305107E-16 -0.73158567E+01  0.36684888E-16
    1049 -0.67059766E+01 -0.10305197E-16 -0.73158567E+01  0.36684888E-16
    1050 -0.67071022E+01 -0.10305884E-16 -0.73158567E+01  0.36684888E-16
    1051 -0.67080791E+01 -0.10306263E-16 -0.73158567E+01  0.36684888E-16
    1052 -0.67091138E+01 -0.10306462E-16 -0.73158567E+01  0.36684888E-16
    1053 -0.67097510E+01 -0.10306588E-16 -0.73158567E+01  0.36684888E-16
    1054 -0.67106426E+01 -0.10306759E-16 -0.73158567E+01  0.36684888E-16
    1055 -0.67117020E+01 -0.10307067E-16 -0.73158567E+01  0.36684888E-16
    1056 -0.67126103E+01 -0.10306908E-16 -0.73158567E+01  0.36684888E-16
    1057 -0.67135550E+01 -0.10306881E-16 -0.73158567E+01  0.36684888E-16
    1058 -0.67145495E+01 -0.10307143E-16 -0.73158567E+01  0.36684888E-16
    1059 -0.67155231E+01 -0.10307244E-16 -0.73158567E+01  0.36684888E-16
    1060 -0.67165246E+01 -0.10307572E-16 -0.73158567E+01  0.36684888E-16
    1061 -0.67174355E+01 -0.10307594E-16 -0.73158567E+01  0.36684888E-16
    1062 -0.67183946E+01 -0.10308012E-16 -0.73158567E+01  0.36684888E-16
    1063 -0.67193490E+01 -0.10307976E-16 -0.73158567E+01  0.36684888E-16
    1064 -0.67203653E+01 -0.10308369E-16 -0.73158567E+01  0.36684888E-16
    1065 -0.67212588E+01 -0.10308352E-16 -0.73158567E+01  0.36684888E-16
    1066 -0.67222941E+01 -0.10308653E-16 -0.73158567E+01  0.36684888E-16
    1067 -0.67230725E+01 -0.10308853E-16 -0.73158567E+01  0.36684888E-16
    1068 -0.67240547E+01 -0.10309530E-16 -0.73158567E+01  0.36684888E-16
    1069 -0.67248251E+01 -0.10309333E-16 -0.73158567E+01  0.36684888E-16
    1070 -0.67258161E+01 -0.10309936E-16 -0.73158567E+01  0.36684888E-16
    1071 -0.67267683E+01 -0.10309890E-16 -0.73158567E+01  0.36684888E-16
    1072 -0.67276501E+01 -0.10309894E-16 -0.73158567E+01  0.36684888E-16
    1073 -0.67284631E+01 -0.10310137E-16 -0.73158567E+01  0.36684888E-16
    1074 -0.67294521E+01 -0.10310016E-16 -0.73158567E+01  0.36684888E-16
    1075 -0.67303265E+01 -0.10309682E-16 -0.73158567E+01  0.36684888E-16
    1076 -0.67310180E+01 -0.10309385E-16 -0.73158567E+01  0.36684888E-16
    1077 -0.67317366E+01 -0.10309466E-16 -0.73158567E+01  0.36684888E-16
    1078 -0.67328300E+01 -0.10309824E-16 -0.73158567E+01  0.36684888E-16
    1079 -0.67337708E+01 -0.10310007E-16 -0.73158567E+01  0.36684888E-16
    1080 -0.67349097E+01 -0.10310234E-16 -0.73158567E+01  0.36684888E-16
    1081 -0.67358451E+01 -0.10310797E-16 -0.73158567E+01  0.36684888E-16
    1082 -0.67369620E+01 -0.10311235E-16 -0.73158567E+01  0.36684888E-16
    1083 -0.67377811E+01 -0.10311279E-16 -0.73158567E+01  0.36684888E-16
    1084 -0.67386057E+01 -0.10311489E-16 -0.73158567E+01  0.36684888E-16
    1085 -0.67395773E+01 -0.10311076E-16 -0.73158567E+01  0.36684888E-16
    1086 -0.67407366E+01 -0.10311074E-16 -0.73158567E+01  0.36684888E-16
    1087 -0.67417569E+01 -0.10311197E-16 -0.73158567E+01  0.36684888E-16
    1088 -0.67426383E+01 -0.10311289E-16 -0.73158567E+01  0.36684888E-16
    1089 -0.67435277E+01 -0.10311526E-16 -0.73158567E+01  0.36684888E-16
    1090 -0.67443500E+01 -0.10311711E-16 -0.73158567E+01  0.36684888E-16
    1091 -0.67450829E+01 -0.10312153E-16 -0.73158567E+01  0.36684888E-16
    1092 -0.67458575E+01 -0.10311815E-16 -0.73158567E+01  0.36684888E-16
    1093 -0.67468717E+01 -0.10311822E-16 -0.73158567E+01  0.36684888E-16
    1094 -0.67479007E+01 -0.10311774E-16 -0.73158567E+01  0.36684888E-16
    1095 -0.67486337E+01 -0.10311953E-16 -0.73158567E+01  0.36684888E-16
    1096 -0.67495775E+01 -0.10311872E-16 -0.73158567E+01  0.36684888E-16
    1097 -0.67505813E+01 -0.10312295E-16 -0.73158567E+01  0.36684888E-16
    1098 -0.67514467E+01 -0.10312453E-16 -0.73158567E+01  0.36684888E-16
    1099 -0.67524710E+01 -0.10312898E-16 -0.73158567E+01  0.36684888E-16
    1100 -0.67533753E+01 -0.10312886E-16 -0.73158567E+01  0.36684888E-16
    1101 -0.67542396E+01 -0.10313005E-16 -0.73158567E+01  0.36684888E-16
    1102 -0.67549551E+01 -0.10313121E-16 -0.73158567E+01  0.36684888E-16
    1103 -0.67558060E+01 -0.10313198E-16 -0.73158567E+01  0.36684888E-16
    1104 -0.67566369E+01 -0.10313537E-16 -0.73158567E+01  0.36684888E-16
    1105 -0.67576582E+01 -0.10313493E-16 -0.73158567E+01  0.36684888E-16
    1106 -0.67584888E+01 -0.10313039E-16 -0.73158567E+01  0.36684888E-16
    1107 -0.67591299E+01 -0.10313359E-16 -0.73158567E+01  0.36684888E-16
    1108 -0.67599684E+01 -0.10314026E-16 -0.73158567E+01  0.36684888E-16
    1109 -0.67610324E+01 -0.10314324E-16 -0.73158567E+01  0.36684888E-16
    1110 -0.67619209E+01 -0.10313823E-16 -0.73158567E+01  0.36684888E-16
    1111 -0.67628209E+01 -0.10313449E-16 -0.73158567E+01  0.36684888E-16
    1112 -0.67636605E+01 -0.10313565E-16 -0.73158567E+01  0.36684888E-16
    1113 -0.67645204E+01 -0.10313382E-16 -0.73158567E+01  0.36684888E-16
    1114 -0.67654691E+01 -0.10313391E-16 -0.73158567E+01  0.36684888E-16
    1115 -0.67661156E+01 -0.10313304E-16 -0.73158567E+01  0.36684888E-16
    1116 -0.67670192E+01 -0.10313617E-16 -0.73158567E+01  0.36684888E-16
    1117 -0.67678512E+01 -0.10313837E-16 -0.73158567E+01  0.36684888E-16
    1118 -0.67688088E+01 -0.10313742E-16 -0.73158567E+01  0.36684888E-16
    1119 -0.67696078E+01 -0.10313725E-16 -0.73158567E+01  0.36684888E-16
    1120 -0.67705200E+01 -0.10313515E-16 -0.73158567E+01  0.36684888E-16
    1121 -0.67715046E+01 -0.10313162E-16 -0.73158567E+01  0.36684888E-16
    1122 -0.67722610E+01 -0.10313372E-16 -0.73158567E+01  0.36684888E-16
    1123 -0.67730849E+01 -0.10313796E-16 -0.73158567E+01  0.36684888E-16
    1124 -0.67738061E+01 -0.10314024E-16 -0.73158567E+01  0.36684888E-16
    1125 -0.67745327E+01 -0.10314266E-16 -0.73158567E+01  0.36684888E-16
    1126 -0.67753592E+01 -0.10314498E-16 -0.73158567E+01  0.36684888E-16
    1127 -0.67760466E+01 -0.10315269E-16 -0.73158567E+01  0.36684888E-16
    1128 -0.67768508E+01 -0.10315788E-16 -0.73158567E+01  0.36684888E-16
    1129 -0.67776496E+01 -0.10316058E-16 -0.73158567E+01  0.36684888E-16
    1130 -0.67783698E+01 -0.10315924E-16 -0.73158567E+01  0.36684888E-16
    1131 -0.67790246E+01 -0.10316075E-16 -0.73158567E+01  0.36684888E-16
    1132 -0.67798622E+01 -0.10315937E-16 -0.73158567E+01  0.36684888E-16
    1133 -0.67807293E+01 -0.10316078E-16 -0.73158567E+01  0.36684888E-16
    1134 -0.67817263E+01 -0.10316475E-16 -0.73158567E+01  0.36684888E-16
    1135 -0.67824489E+01 -0.10316545E-16 -0.73158567E+01  0.36684888E-16
    1136 -0.67831852E+01 -0.10317066E-16 -0.73158567E+01  0.36684888E-16
    1137 -0.67839159E+01 -0.10317502E-16 -0.73158567E+01  0.36684888E-16
    1138 -0.67848715E+01 -0.10318034E-16 -0.73158567E+01  0.36684888E-16
    1139 -0.67857846E+01 -0.10318026E-16 -0.73158567E+01  0.36684888E-16
    1140 -0.67864507E+01 -0.10318267E-16 -0.73158567E+01  0.36684888E-16
    1141 -0.67871968E+01 -0.10318375E-16 -0.73158567E+01  0.36684888E-16
    1142 -0.67879274E+01 -0.10318821E-16 -0.73158567E+01  0.36684888E-16
    1143 -0.67887707E+01 -0.10319076E-16 -0.73158567E+01  0.36684888E-16
    1144 -0.67899153E+01 -0.10319582E-16 -0.73158567E+01  0.36684888E-16
    1145 -0.67910341E+01 -0.10320161E-16 -0.73158567E+01  0.36684888E-16
    1146 -0.67919658E+01 -0.10319989E-16 -0.73158567E+01  0.36684888E-16
    1147 -0.67928482E+01 -0.10320409E-16 -0.73158567E+01  0.36684888E-16
    1148 -0.67939030E+01 -0.10320634E-16 -0.73158567E+01  0.36684888E-16
    1149 -0.67948720E+01 -0.10320779E-16 -0.73158567E+01  0.36684888E-16
    1150 -0.67958745E+01 -0.10320864E-16 -0.73158567E+01  0.36684888E-16
    1151 -0.67969275E+01 -0.10321313E-16 -0.73158567E+01  0.36684888E-16
    1152 -0.67979699E+01 -0.10320897E-16 -0.73158567E+01  0.36684888E-16
    1153 -0.67988923E+01 -0.10321175E-16 -0.73158567E+01  0.36684888E-16
    1154 -0.67998867E+01 -0.10321110E-16 -0.73158567E+01  0.36684888E-16
    1155 -0.68008492E+01 -0.10320770E-16 -0.73158567E+01  0.36684888E-16
    1156 -0.68018920E+01 -0.10321112E-16 -0.73158567E+01  0.36684888E-16
    1157 -0.68026872E+01 -0.10321188E-16 -0.73158567E+01  0.36684888E-16
    1158 -0.68034862E+01 -0.10321121E-16 -0.73158567E+01  0.36684888E-16
    1159 -0.68042390E+01 -0.10321310E-16 -0.73158567E+01  0.36684888E-16
    1160 -0.68051249E+01 -0.10321714E-16 -0.73158567E+01  0.36684888E-16
    1161 -0.68059144E+01 -0.10321962E-16 -0.73158567E+01  0.36684888E-16
    1162 -0.68066768E+01 -0.10322105E-16 -0.73158567E+01  0.36684888E-16
    1163 -0.68075836E+01 -0.10322617E-16 -0.73158567E+01  0.36684888E-16
    1164 -0.68085533E+01 -0.10323030E-16 -0.73158567E+01  0.36684888E-16
    1165 -0.68093614E+01 -0.10323191E-16 -0.73158567E+01  0.36684888E-16
    1166 -0.68102795E+01 -0.10323256E-16 -0.73158567E+01  0.36684888E-16
    1167 -0.68112325E+01 -0.10322899E-16 -0.73158567E+01  0.36684888E-16
    1168 -0.68120081E+01 -0.10322991E-16 -0.73158567E+01  0.36684888E-16
    1169 -0.68129757E+01 -0.10322741E-16 -0.73158567E+01  0.36684888E-16
    1170 -0.68137349E+01 -0.10322867E-16 -0.73158567E+01  0.36684888E-16
    1171 -0.68145237E+01 -0.10323017E-16 -0.73158567E+01  0.36684888E-16
    1172 -0.68153250E+01 -0.10323263E-16 -0.73158567E+01  0.36684888E-16
    1173 -0.68162272E+01 -0.10323216E-16 -0.73158567E+01  0.36684888E-16
    1174 -0.68169059E+01 -0.10323021E-16 -0.73158567E+01  0.36684888E-16
    1175 -0.68175947E+01 -0.10322940E-16 -0.73158567E+01  0.36684888E-16
    1176 -0.68182739E+01 -0.10323039E-16 -0.73158567E+01  0.36684888E-16
    1177 -0.68190521E+01 -0.10322814E-16 -0.73158567E+01  0.36684888E-16
    1178 -0.68199477E+01 -0.10323230E-16 -0.73158567E+01  0.36684888E-16
    1179 -0.68207239E+01 -0.10323315E-16 -0.73158567E+01  0.36684888E-16
    1180 -0.68214905E+01 -0.10323233E-16 -0.73158567E+01  0.36684888E-16
    1181 -0.68224678E+01 -0.10323824E-16 -0.73158567E+01  0.36684888E-16
    1182 -0.68233738E+01 -0.10324213E-16 -0.73158567E+01  0.36684888E-16
    1183 -0.68241447E+01 -0.10324489E-16 -0.73158567E+01  0.36684888E-16
    1184 -0.68250077E+01 -0.10324875E-16 -0.73158567E+01  0.36684888E-16
    1185 -0.68257825E+01 -0.10324764E-16 -0.73158567E+01  0.36684888E-16
    1186 -0.68264756E+01 -0.10324805E-16 -0.73158567E+01  0.36684888E-16
    1187 -0.68272712E+01 -0.10324850E-16 -0.73158567E+01  0.36684888E-16
    1188 -0.68279699E+01 -0.10324906E-16 -0.73158567E+01  0.36684888E-16
    1189 -0.68287803E+01 -0.10324975E-16 -0.73158567E+01  0.36684888E-16
    1190 -0.68296710E+01 -0.10324847E-16 -0.73158567E+01  0.36684888E-16
    1191 -0.68305681E+01 -0.10324981E-16 -0.73158567E+01  0.36684888E-16
    1192 -0.68314686E+01 -0.10325591E-16 -0.73158567E+01  0.36684888E-16
    1193 -0.68322648E+01 -0.10325662E-16 -0.73158567E+01  0.36684888E-16
    1194 -0.68331776E+01 -0.10325695E-16 -0.73158567E+01  0.36684888E-16
    1195 -0.68339975E+01 -0.10325840E-16 -0.73158567E+01  0.36684888E-16
    1196 -0.68348892E+01 -0.10326172E-16 -0.73158567E+01  0.36684888E-16
    1197 -0.68357786E+01 -0.10326321E-16 -0.73158567E+01  0.36684888E-16
    1198 -0.68366480E+01 -0.10326522E-16 -0.73158567E+01  0.36684888E-16
    1199 -0.68373316E+01 -0.10326671E-16 -0.73158567E+01  0.36684888E-16
    1200 -0.68382382E+01 -0.10326893E-16 -0.73158567E+01  0.36684888E-16
    1201 -0.68392128E+01 -0.10326684E-16 -0.73158567E+01  0.36684888E-16
    1202 -0.68401122E+01 -0.10326387E-16 -0.73158567E+01  0.36684888E-16
    1203 -0.68408880E+01 -0.10326661E-16 -0.73158567E+01  0.36684888E-16
    1204 -0.68417269E+01 -0.10326971E-16 -0.73158567E+01  0.36684888E-16
    1205 -0.68424880E+01 -0.10327068E-16 -0.73158567E+01  0.36684888E-16
    1206 -0.68432882E+01 -0.10327213E-16 -0.73158567E+01  0.36684888E-16
    1207 -0.68440113E+01 -0.10327253E-16 -0.73158567E+01  0.36684888E-16
    1208 -0.68447606E+01 -0.10327698E-16 -0.73158567E+01  0.36684888E-16
    1209 -0.68453989E+01 -0.10327951E-16 -0.73158567E+01  0.36684888E-16
    1210 -0.68460811E+01 -0.10328207E-16 -0.73158567E+01  0.36684888E-16
    1211 -0.68471230E+01 -0.10328639E-16 -0.73158567E+01  0.36684888E-16
    1212 -0.68478961E+01 -0.10328487E-16 -0.73158567E+01  0.36684888E-16
    1213 -0.68486750E+01 -0.10328378E-16 -0.73158567E+01  0.36684888E-16
    1214 -0.68494901E+01 -0.10328567E-16 -0.73158567E+01  0.36684888E-16
    1215 -0.68502115E+01 -0.10328577E-16 -0.73158567E+01  0.36684888E-16
    1216 -0.68509030E+01 -0.10328865E-16 -0.73158567E+01  0.36684888E-16
    1217 -0.68517164E+01 -0.10328792E-16 -0.73158567E+01  0.36684888E-16
    1218 -0.68523960E+01 -0.10328616E-16 -0.73158567E+01  0.36684888E-16
    1219 -0.68531261E+01 -0.10328187E-16 -0.73158567E+01  0.36684888E-16
    1220 -0.68539944E+01 -0.10327990E-16 -0.73158567E+01  0.36684888E-16
    1221 -0.68547535E+01 -0.10328165E-16 -0.73158567E+01  0.36684888E-16
    1222 -0.68554599E+01 -0.10327953E-16 -0.73158567E+01  0.36684888E-16
    1223 -0.68560842E+01 -0.10327931E-16 -0.73158567E+01  0.36684888E-16
    1224 -0.68569123E+01 -0.10327795E-16 -0.73158567E+01  0.36684888E-16
    1225 -0.68577418E+01 -0.10328334E-16 -0.73158567E+01  0.36684888E-16
    1226 -0.68584625E+01 -0.10328232E-16 -0.73158567E+01  0.36684888E-16
    1227 -0.68592109E+01 -0.10328114E-16 -0.73158567E+01  0.36684888E-16
    1228 -0.68600899E+01 -0.10328042E-16 -0.73158567E+01  0.36684888E-16
    1229 -0.68608186E+01 -0.10328137E-16 -0.73158567E+01  0.36684888E-16
    1230 -0.68615918E+01 -0.10328306E-16 -0.73158567E+01  0.36684888E-16
    1231 -0.68622777E+01 -0.10328261E-16 -0.73158567E+01  0.36684888E-16
    1232 -0.68630732E+01 -0.10328032E-16 -0.73158567E+01  0.36684888E-16
    1233 -0.68638769E+01 -0.10328266E-16 -0.73158567E+01  0.36684888E-16
    1234 -0.68646407E+01 -0.10328233E-16 -0.73158567E+01  0.36684888E-16
    1235 -0.68653596E+01 -0.10328533E-16 -0.73158567E+01  0.36684888E-16
    1236 -0.68660314E+01 -0.10328438E-16 -0.73158567E+01  0.36684888E-16
    1237 -0.68666077E+01 -0.10328239E-16 -0.73158567E+01  0.36684888E-16
    1238 -0.68673097E+01 -0.10328472E-16 -0.73158567E+01  0.36684888E-16
    1239 -0.68680266E+01 -0.10328735E-16 -0.73158567E+01  0.36684888E-16
    1240 -0.68688476E+01 -0.10328589E-16 -0.73158567E+01  0.36684888E-16
    1241 -0.68696290E+01 -0.10329198E-16 -0.73158567E+01  0.36684888E-16
    1242 -0.68702385E+01 -0.10329322E-16 -0.73158567E+01  0.36684888E-16
    1243 -0.68709695E+01 -0.10329447E-16 -0.73158567E+01  0.36684888E-16
    1244 -0.68715935E+01 -0.10329151E-16 -0.73158567E+01  0.36684888E-16
    1245 -0.68723124E+01 -0.10329451E-16 -0.73158567E+01  0.36684888E-16
    1246 -0.68729735E+01 -0.10328514E-16 -0.73158567E+01  0.36684888E-16
    1247 -0.68738021E+01 -0.10328534E-16 -0.73158567E+01  0.36684888E-16
    1248 -0.68745327E+01 -0.10328462E-16 -0.73158567E+01  0.36684888E-16
    1249 -0.68752592E+01 -0.10328277E-16 -0.73158567E+01  0.36684888E-16
    1250 -0.68760399E+01 -0.10328092E-16 -0.73158567E+01  0.36684888E-16
    1251 -0.68767049E+01 -0.10327955E-16 -0.73158567E+01  0.36684888E-16
    1252 -0.68773128E+01 -0.10327943E-16 -0.73158567E+01  0.36684888E-16
    1253 -0.68780919E+01 -0.10328216E-16 -0.73158567E+01  0.36684888E-16
    1254 -0.68787907E+01 -0.10328292E-16 -0.73158567E+01  0.36684888E-16
    1255 -0.68794269E+01 -0.10328089E-16 -0.73158567E+01  0.36684888E-16
    1256 -0.68800587E+01 -0.10328134E-16 -0.73158567E+01  0.36684888E-16
    1257 -0.68807304E+01 -0.10328167E-16 -0.73158567E+01  0.36684888E-16
    1258 -0.68814854E+01 -0.10328265E-16 -0.73158567E+01  0.36684888E-16
    1259 -0.68822181E+01 -0.10328411E-16 -0.73158567E+01  0.36684888E-16
    1260 -0.68828993E+01 -0.10328822E-16 -0.73158567E+01  0.36684888E-16
    1261 -0.68836254E+01 -0.10328777E-16 -0.73158567E+01  0.36684888E-16
    1262 -0.68843002E+01 -0.10328826E-16 -0.73158567E+01  0.36684888E-16
    1263 -0.68848156E+01 -0.10328827E-16 -0.73158567E+01  0.36684888E-16
    1264 -0.68855063E+01 -0.10328786E-16 -0.73158567E+01  0.36684888E-16
    1265 -0.68862029E+01 -0.10328761E-16 -0.73158567E+01  0.36684888E-16
    1266 -0.68868311E+01 -0.10328592E-16 -0.73158567E+01  0.36684888E-16
    1267 -0.68874351E+01 -0.10328828E-16 -0.73158567E+01  0.36684888E-16
    1268 -0.68881274E+01 -0.10328974E-16 -0.73158567E+01  0.36684888E-16
    1269 -0.68888068E+01 -0.10329147E-16 -0.73158567E+01  0.36684888E-16
    1270 -0.68894959E+01 -0.10328993E-16 -0.73158567E+01  0.36684888E-16
    1271 -0.68900573E+01 -0.10328756E-16 -0.73158567E+01  0.36684888E-16
    1272 -0.68906732E+01 -0.10328446E-16 -0.73158567E+01  0.36684888E-16
    1273 -0.68914916E+01 -0.10328553E-16 -0.73158567E+01  0.36684888E-16
    1274 -0.68921562E+01 -0.10328721E-16 -0.73158567E+01  0.36684888E-16
    1275 -0.68929640E+01 -0.10328770E-16 -0.73158567E+01  0.36684888E-16
    1276 -0.68936047E+01 -0.10328703E-16 -0.73158567E+01  0.36684888E-16
    1277 -0.68943868E+01 -0.10328496E-16 -0.73158567E+01  0.36684888E-16
    1278 -0.68950438E+01 -0.10328672E-16 -0.73158567E+01  0.36684888E-16
    1279 -0.68957806E+01 -0.10328533E-16 -0.73158567E+01  0.36684888E-16
    1280 -0.68963945E+01 -0.10328646E-16 -0.73158567E+01  0.36684888E-16
    1281 -0.68970680E+01 -0.10328519E-16 -0.73158567E+01  0.36684888E-16
    1282 -0.68978438E+01 -0.10328411E-16 -0.73158567E+01  0.36684888E-16
    1283 -0.68984338E+01 -0.10328298E-16 -0.73158567E+01  0.36684888E-16
    1284 -0.68991586E+01 -0.10328468E-16 -0.73158567E+01  0.36684888E-16
    1285 -0.68997811E+01 -0.10328492E-16 -0.73158567E+01  0.36684888E-16
    1286 -0.69003752E+01 -0.10328649E-16 -0.73158567E+01  0.36684888E-16
    1287 -0.69010673E+01 -0.10328648E-16 -0.73158567E+01  0.36684888E-16
    1288 -0.69017482E+01 -0.10328615E-16 -0.73158567E+01  0.36684888E-16
    1289 -0.69024597E+01 -0.10328597E-16 -0.73158567E+01  0.36684888E-16
    1290 -0.69033239E+01 -0.10328959E-16 -0.73158567E+01  0.36684888E-16
    1291 -0.69041663E+01 -0.10328748E-16 -0.73158567E+01  0.36684888E-16
    1292 -0.69049049E+01 -0.10328744E-16 -0.73158567E+01  0.36684888E-16
    1293 -0.69057202E+01 -0.10328757E-16 -0.73158567E+01  0.36684888E-16
    1294 -0.69063255E+01 -0.10328930E-16 -0.73158567E+01  0.36684888E-16
    1295 -0.69070934E+01 -0.10329057E-16 -0.73158567E+01  0.36684888E-16
    1296 -0.69077268E+01 -0.10329153E-16 -0.73158567E+01  0.36684888E-16
    1297 -0.69084057E+01 -0.10329360E-16 -0.73158567E+01  0.36684888E-16
    1298 -0.69090558E+01 -0.10329502E-16 -0.73158567E+01  0.36684888E-16
    1299 -0.69098067E+01 -0.10329616E-16 -0.73158567E+01  0.36684888E-16
    1300 -0.69105240E+01 -0.10329498E-16 -0.73158567E+01  0.36684888E-16
    1301 -0.69112349E+01 -0.10329730E-16 -0.73158567E+01  0.36684888E-16
    1302 -0.69119150E+01 -0.10329795E-16 -0.73158567E+01  0.36684888E-16
    1303 -0.69126982E+01 -0.10329635E-16 -0.73158567E+01  0.36684888E-16
    1304 -0.69134079E+01 -0.10330113E-16 -0.73158567E+01  0.36684888E-16
    1305 -0.69141347E+01 -0.10329917E-16 -0.73158567E+01  0.36684888E-16
    1306 -0.69149371E+01 -0.10329958E-16 -0.73158567E+01  0.36684888E-16
    1307 -0.69157166E+01 -0.10329636E-16 -0.73158567E+01  0.36684888E-16
    1308 -0.69165515E+01 -0.10329797E-16 -0.73158567E+01  0.36684888E-16
    1309 -0.69173800E+01 -0.10329784E-16 -0.73158567E+01  0.36684888E-16
    1310 -0.69182867E+01 -0.10329848E-16 -0.73158567E+01  0.36684888E-16
    1311 -0.69190258E+01 -0.10329980E-16 -0.73158567E+01  0.36684888E-16
    1312 -0.69198340E+01 -0.10330275E-16 -0.73158567E+01  0.36684888E-16
    1313 -0.69205799E+01 -0.10330256E-16 -0.73158567E+01  0.36684888E-16
    1314 -0.69214288E+01 -0.10330008E-16 -0.73158567E+01  0.36684888E-16
    1315 -0.69221065E+01 -0.10330129E-16 -0.73158567E+01  0.36684888E-16
    1316 -0.69228785E+01 -0.10330141E-16 -0.73158567E+01  0.36684888E-16
    1317 -0.69236829E+01 -0.10330227E-16 -0.73158567E+01  0.36684888E-16
    1318 -0.69244442E+01 -0.10330022E-16 -0.73158567E+01  0.36684888E-16
    1319 -0.69252284E+01 -0.10329921E-16 -0.73158567E+01  0.36684888E-16
    1320 -0.69258963E+01 -0.10330036E-16 -0.73158567E+01  0.36684888E-16
    1321 -0.69267006E+01 -0.10329771E-16 -0.73158567E+01  0.36684888E-16
    1322 -0.69275605E+01 -0.10329576E-16 -0.73158567E+01  0.36684888E-16
    1323 -0.69283721E+01 -0.10329573E-16 -0.73158567E+01  0.36684888E-16
    1324 -0.69290163E+01 -0.10329420E-16 -0.73158567E+01  0.36684888E-16
    1325 -0.69296775E+01 -0.10329358E-16 -0.73158567E+01  0.36684888E-16
    1326 -0.69303546E+01 -0.10329154E-16 -0.73158567E+01  0.36684888E-16
    1327 -0.69313232E+01 -0.10328522E-16 -0.73158567E+01  0.36684888E-16
    1328 -0.69320569E+01 -0.10328418E-16 -0.73158567E+01  0.36684888E-16
    1329 -0.69328631E+01 -0.10328496E-16 -0.73158567E+01  0.36684888E-16
    1330 -0.69338795E+01 -0.10328344E-16 -0.73158567E+01  0.36684888E-16
    1331 -0.69345433E+01 -0.10328278E-16 -0.73158567E+01  0.36684888E-16
    1332 -0.69352380E+01 -0.10328394E-16 -0.73158567E+01  0.36684888E-16
    1333 -0.69359683E+01 -0.10328160E-16 -0.73158567E+01  0.36684888E-16
    1334 -0.69367716E+01 -0.10327936E-16 -0.73158567E+01  0.36684888E-16
    1335 -0.69376267E+01 -0.10327393E-16 -0.73158567E+01  0.36684888E-16
    1336 -0.69383049E+01 -0.10327309E-16 -0.73158567E+01  0.36684888E-16
    1337 -0.69389156E+01 -0.10327393E-16 -0.73158567E+01  0.36684888E-16
    1338 -0.69395840E+01 -0.10327247E-16 -0.73158567E+01  0.36684888E-16
    1339 -0.69404131E+01 -0.10327163E-16 -0.73158567E+01  0.36684888E-16
    1340 -0.69410238E+01 -0.10327090E-16 -0.73158567E+01  0.36684888E-16
    1341 -0.69416727E+01 -0.10327103E-16 -0.73158567E+01  0.36684888E-16
    1342 -0.69424515E+01 -0.10327092E-16 -0.73158567E+01  0.36684888E-16
    1343 -0.69431604E+01 -0.10327410E-16 -0.73158567E+01  0.36684888E-16
    1344 -0.69439994E+01 -0.10327318E-16 -0.73158567E+01  0.36684888E-16
    1345 -0.69447047E+01 -0.10327491E-16 -0.73158567E+01  0.36684888E-16
    1346 -0.69452785E+01 -0.10327531E-16 -0.73158567E+01  0.36684888E-16
    1347 -0.69459305E+01 -0.10327000E-16 -0.73158567E+01  0.36684888E-16
    1348 -0.69465521E+01 -0.10327071E-16 -0.73158567E+01  0.36684888E-16
    1349 -0.69472100E+01 -0.10327186E-16 -0.73158567E+01  0.36684888E-16
    1350 -0.69479605E+01 -0.10326728E-16 -0.73158567E+01  0.36684888E-16
    1351 -0.69485490E+01 -0.10326600E-16 -0.73158567E+01  0.36684888E-16
    1352 -0.69492279E+01 -0.10326135E-16 -0.73158567E+01  0.36684888E-16
    1353 -0.69499641E+01 -0.10326329E-16 -0.73158567E+01  0.36684888E-16
    1354 -0.69505727E+01 -0.10326478E-16 -0.73158567E+01  0.36684888E-16
    1355 -0.69511694E+01 -0.10326355E-16 -0.73158567E+01  0.36684888E-16
    1356 -0.69517096E+01 -0.10326353E-16 -0.73158567E+01  0.36684888E-16
    1357 -0.69523471E+01 -0.10326462E-16 -0.73158567E+01  0.36684888E-16
    1358 -0.69529782E+01 -0.10326269E-16 -0.73158567E+01  0.36684888E-16
    1359 -0.69535751E+01 -0.10326372E-16 -0.73158567E+01  0.36684888E-16
    1360 -0.69541116E+01 -0.10326262E-16 -0.73158567E+01  0.36684888E-16
    1361 -0.69548014E+01 -0.10325992E-16 -0.73158567E+01  0.36684888E-16
    1362 -0.69554883E+01 -0.10325630E-16 -0.73158567E+01  0.36684888E-16
    1363 -0.69561942E+01 -0.10325689E-16 -0.73158567E+01  0.36684888E-16
    1364 -0.69567311E+01 -0.10325446E-16 -0.73158567E+01  0.36684888E-16
    1365 -0.69574315E+01 -0.10325270E-16 -0.73158567E+01  0.36684888E-16
    1366 -0.69581915E+01 -0.10325409E-16 -0.73158567E+01  0.36684888E-16
    1367 -0.69588387E+01 -0.10325566E-16 -0.73158567E+01  0.36684888E-16
    1368 -0.69595446E+01 -0.10325314E-16 -0.73158567E+01  0.36684888E-16
    1369 -0.69604995E+01 -0.10325626E-16 -0.73158567E+01  0.36684888E-16
    1370 -0.69611736E+01 -0.10325601E-16 -0.73158567E+01  0.36684888E-16
    1371 -0.69619022E+01 -0.10325367E-16 -0.73158567E+01  0.36684888E-16
    1372 -0.69626243E+01 -0.10325262E-16 -0.73158567E+01  0.36684888E-16
    1373 -0.69633188E+01 -0.10325059E-16 -0.73158567E+01  0.36684888E-16
    1374 -0.69640762E+01 -0.10325120E-16 -0.73158567E+01  0.36684888E-16
    1375 -0.69646716E+01 -0.10325265E-16 -0.73158567E+01  0.36684888E-16
    1376 -0.69652284E+01 -0.10325325E-16 -0.73158567E+01  0.36684888E-16
    1377 -0.69659527E+01 -0.10325656E-16 -0.73158567E+01  0.36684888E-16
    1378 -0.69667609E+01 -0.10325108E-16 -0.73158567E+01  0.36684888E-16
    1379 -0.69673365E+01 -0.10324833E-16 -0.73158567E+01  0.36684888E-16
    1380 -0.69681592E+01 -0.10325133E-16 -0.73158567E+01  0.36684888E-16
    1381 -0.69688233E+01 -0.10325031E-16 -0.73158567E+01  0.36684888E-16
    1382 -0.69693970E+01 -0.10324968E-16 -0.73158567E+01  0.36684888E-16
    1383 -0.69702113E+01 -0.10325206E-16 -0.73158567E+01  0.36684888E-16
    1384 -0.69709600E+01 -0.10325136E-16 -0.73158567E+01  0.36684888E-16
    1385 -0.69715504E+01 -0.10325193E-16 -0.73158567E+01  0.36684888E-16
    1386 -0.69723543E+01 -0.10324985E-16 -0.73158567E+01  0.36684888E-16
    1387 -0.69730935E+01 -0.10325043E-16 -0.73158567E+01  0.36684888E-16
    1388 -0.69737598E+01 -0.10325232E-16 -0.73158567E+01  0.36684888E-16
    1389 -0.69746349E+01 -0.10325403E-16 -0.73158567E+01  0.36684888E-16
    1390 -0.69752746E+01 -0.10325585E-16 -0.73158567E+01  0.36684888E-16
    1391 -0.69759841E+01 -0.10325598E-16 -0.73158567E+01  0.36684888E-16
    1392 -0.69766368E+01 -0.10325729E-16 -0.73158567E+01  0.36684888E-16
    1393 -0.69772400E+01 -0.10325752E-16 -0.73158567E+01  0.36684888E-16
    1394 -0.69779116E+01 -0.10325644E-16 -0.73158567E+01  0.36684888E-16
    1395 -0.69785901E+01 -0.10325783E-16 -0.73158567E+01  0.36684888E-16
    1396 -0.69792677E+01 -0.10325890E-16 -0.73158567E+01  0.36684888E-16
    1397 -0.69799118E+01 -0.10326244E-16 -0.73158567E+01  0.36684888E-16
    1398 -0.69806566E+01 -0.10326200E-16 -0.73158567E+01  0.36684888E-16
    1399 -0.69813824E+01 -0.10326050E-16 -0.73158567E+01  0.36684888E-16
    1400 -0.69820574E+01 -0.10326217E-16 -0.73158567E+01  0.36684888E-16
    1401 -0.69826126E+01 -0.10326251E-16 -0.73158567E+01  0.36684888E-16
    1402 -0.69832658E+01 -0.10326269E-16 -0.73158567E+01  0.36684888E-16
    1403 -0.69836964E+01 -0.10326082E-16 -0.73158567E+01  0.36684888E-16
    1404 -0.69842428E+01 -0.10325977E-16 -0.73158567E+01  0.36684888E-16
    1405 -0.69848977E+01 -0.10326209E-16 -0.73158567E+01  0.36684888E-16
    1406 -0.69856523E+01 -0.10326389E-16 -0.73158567E+01  0.36684888E-16
    1407 -0.69863417E+01 -0.10326341E-16 -0.73158567E+01  0.36684888E-16
    1408 -0.69869196E+01 -0.10326405E-16 -0.73158567E+01  0.36684888E-16
    1409 -0.69875827E+01 -0.10326526E-16 -0.73158567E+01  0.36684888E-16
    1410 -0.69882902E+01 -0.10326478E-16 -0.73158567E+01  0.36684888E-16
    1411 -0.69888788E+01 -0.10326474E-16 -0.73158567E+01  0.36684888E-16
    1412 -0.69895071E+01 -0.10326708E-16 -0.73158567E+01  0.36684888E-16
    1413 -0.69901160E+01 -0.10326566E-16 -0.73158567E+01  0.36684888E-16
    1414 -0.69908889E+01 -0.10326626E-16 -0.73158567E+01  0.36684888E-16
    1415 -0.69914838E+01 -0.10326717E-16 -0.73158567E+01  0.36684888E-16
    1416 -0.69919732E+01 -0.10326747E-16 -0.73158567E+01  0.36684888E-16
    1417 -0.69924678E+01 -0.10326749E-16 -0.73158567E+01  0.36684888E-16
    1418 -0.69930029E+01 -0.10326755E-16 -0.73158567E+01  0.36684888E-16
    1419 -0.69935427E+01 -0.10326844E-16 -0.73158567E+01  0.36684888E-16
    1420 -0.69941654E+01 -0.10326621E-16 -0.73158567E+01  0.36684888E-16
    1421 -0.69947202E+01 -0.10326583E-16 -0.73158567E+01  0.36684888E-16
    1422 -0.69952275E+01 -0.10326498E-16 -0.73158567E+01  0.36684888E-16
    1423 -0.69957889E+01 -0.10326442E-16 -0.73158567E+01  0.36684888E-16
    1424 -0.69963532E+01 -0.10326476E-16 -0.73158567E+01  0.36684888E-16
    1425 -0.69968651E+01 -0.10326373E-16 -0.73158567E+01  0.36684888E-16
    1426 -0.69974063E+01 -0.10326495E-16 -0.73158567E+01  0.36684888E-16
    1427 -0.69978935E+01 -0.10326638E-16 -0.73158567E+01  0.36684888E-16
    1428 -0.69984550E+01 -0.10326852E-16 -0.73158567E+01  0.36684888E-16
    1429 -0.69990554E+01 -0.10326940E-16 -0.73158567E+01  0.36684888E-16
    1430 -0.69996653E+01 -0.10327146E-16 -0.73158567E+01  0.36684888E-16
    1431 -0.70002482E+01 -0.10327194E-16 -0.73158567E+01  0.36684888E-16
    1432 -0.70008945E+01 -0.10327326E-16 -0.73158567E+01  0.36684888E-16
    1433 -0.70015283E+01 -0.10327439E-16 -0.73158567E+01  0.36684888E-16
    1434 -0.70022312E+01 -0.10327269E-16 -0.73158567E+01  0.36684888E-16
    1435 -0.70027804E+01 -0.10327273E-16 -0.73158567E+01  0.36684888E-16
    1436 -0.70033801E+01 -0.10327372E-16 -0.73158567E+01  0.36684888E-16
    1437 -0.70039722E+01 -0.10327317E-16 -0.73158567E+01  0.36684888E-16
    1438 -0.70045826E+01 -0.10327385E-16 -0.73158567E+01  0.36684888E-16
    1439 -0.70050173E+01 -0.10327441E-16 -0.73158567E+01  0.36684888E-16
    1440 -0.70055361E+01 -0.10327337E-16 -0.73158567E+01  0.36684888E-16
    1441 -0.70060787E+01 -0.10327382E-16 -0.73158567E+01  0.36684888E-16
    1442 -0.70065812E+01 -0.10327593E-16 -0.73158567E+01  0.36684888E-16
    1443 -0.70071605E+01 -0.10327611E-16 -0.73158567E+01  0.36684888E-16
    1444 -0.70076543E+01 -0.10327676E-16 -0.73158567E+01  0.36684888E-16
    1445 -0.70082394E+01 -0.10327581E-16 -0.73158567E+01  0.36684888E-16
    1446 -0.70088704E+01 -0.10327457E-16 -0.73158567E+01  0.36684888E-16
    1447 -0.70094417E+01 -0.10327324E-16 -0.73158567E+01  0.36684888E-16
    1448 -0.70099816E+01 -0.10327334E-16 -0.73158567E+01  0.36684888E-16
    1449 -0.70105241E+01 -0.10327277E-16 -0.73158567E+01  0.36684888E-16
    1450 -0.70110069E+01 -0.10327019E-16 -0.73158567E+01  0.36684888E-16
    1451 -0.70115337E+01 -0.10326847E-16 -0.73158567E+01  0.36684888E-16
    1452 -0.70121008E+01 -0.10326995E-16 -0.73158567E+01  0.36684888E-16
    1453 -0.70126130E+01 -0.10327041E-16 -0.73158567E+01  0.36684888E-16
    1454 -0.70131817E+01 -0.10327127E-16 -0.73158567E+01  0.36684888E-16
    1455 -0.70137337E+01 -0.10327096E-16 -0.73158567E+01  0.36684888E-16
    1456 -0.70142237E+01 -0.10327130E-16 -0.73158567E+01  0.36684888E-16
    1457 -0.70147608E+01 -0.10327081E-16 -0.73158567E+01  0.36684888E-16
    1458 -0.70153386E+01 -0.10326953E-16 -0.73158567E+01  0.36684888E-16
    1459 -0.70158002E+01 -0.10326747E-16 -0.73158567E+01  0.36684888E-16
    1460 -0.70163366E+01 -0.10326678E-16 -0.73158567E+01  0.36684888E-16
    1461 -0.70169050E+01 -0.10326665E-16 -0.73158567E+01  0.36684888E-16
    1462 -0.70174421E+01 -0.10326749E-16 -0.73158567E+01  0.36684888E-16
    1463 -0.70179519E+01 -0.10326593E-16 -0.73158567E+01  0.36684888E-16
    1464 -0.70184388E+01 -0.10326571E-16 -0.73158567E+01  0.36684888E-16
    1465 -0.70189248E+01 -0.10326491E-16 -0.73158567E+01  0.36684888E-16
    1466 -0.70194738E+01 -0.10326353E-16 -0.73158567E+01  0.36684888E-16
    1467 -0.70201018E+01 -0.10326471E-16 -0.73158567E+01  0.36684888E-16
    1468 -0.70206186E+01 -0.10326404E-16 -0.73158567E+01  0.36684888E-16
    1469 -0.70212102E+01 -0.10326493E-16 -0.73158567E+01  0.36684888E-16
    1470 -0.70217635E+01 -0.10326612E-16 -0.73158567E+01  0.36684888E-16
    1471 -0.70223724E+01 -0.10326528E-16 -0.73158567E+01  0.36684888E-16
    1472 -0.70229103E+01 -0.10326668E-16 -0.73158567E+01  0.36684888E-16
    1473 -0.70234278E+01 -0.10326642E-16 -0.73158567E+01  0.36684888E-16
    1474 -0.70239169E+01 -0.10326671E-16 -0.73158567E+01  0.36684888E-16
    1475 -0.70243980E+01 -0.10326753E-16 -0.73158567E+01  0.36684888E-16
    1476 -0.70248899E+01 -0.10326557E-16 -0.73158567E+01  0.36684888E-16
    1477 -0.70254764E+01 -0.10326587E-16 -0.73158567E+01  0.36684888E-16
    1478 -0.70260157E+01 -0.10326513E-16 -0.73158567E+01  0.36684888E-16
    1479 -0.70265971E+01 -0.10326459E-16 -0.73158567E+01  0.36684888E-16
    1480 -0.70271725E+01 -0.10326247E-16 -0.73158567E+01  0.36684888E-16
    1481 -0.70277054E+01 -0.10326437E-16 -0.73158567E+01  0.36684888E-16
    1482 -0.70282425E+01 -0.10326499E-16 -0.73158567E+01  0.36684888E-16
    1483 -0.70288898E+01 -0.10326679E-16 -0.73158567E+01  0.36684888E-16
    1484 -0.70294661E+01 -0.10326670E-16 -0.73158567E+01  0.36684888E-16
    1485 -0.70300446E+01 -0.10326861E-16 -0.73158567E+01  0.36684888E-16
    1486 -0.70305875E+01 -0.10326755E-16 -0.73158567E+01  0.36684888E-16
    1487 -0.70311875E+01 -0.10326718E-16 -0.73158567E+01  0.36684888E-16
    1488 -0.70316822E+01 -0.10326760E-16 -0.73158567E+01  0.36684888E-16
    1489 -0.70321763E+01 -0.10326731E-16 -0.73158567E+01  0.36684888E-16
    1490 -0.70326393E+01 -0.10326712E-16 -0.73158567E+01  0.36684888E-16
    1491 -0.70333451E+01 -0.10326710E-16 -0.73158567E+01  0.36684888E-16
    1492 -0.70339313E+01 -0.10326610E-16 -0.73158567E+01  0.36684888E-16
    1493 -0.70344554E+01 -0.10326577E-16 -0.73158567E+01  0.36684888E-16
    1494 -0.70349792E+01 -0.10326652E-16 -0.73158567E+01  0.36684888E-16
    1495 -0.70355179E+01 -0.10326707E-16 -0.73158567E+01  0.36684888E-16
    1496 -0.70361326E+01 -0.10326662E-16 -0.73158567E+01  0.36684888E-16
    1497 -0.70367040E+01 -0.10326688E-16 -0.73158567E+01  0.36684888E-16
    1498 -0.70372841E+01 -0.10326759E-16 -0.73158567E+01  0.36684888E-16
    1499 -0.70378296E+01 -0.10326848E-16 -0.73158567E+01  0.36684888E-16
    1500 -0.70383379E+01 -0.10326904E-16 -0.73158567E+01  0.36684888E-16
    1501 -0.70388106E+01 -0.10327064E-16 -0.73158567E+01  0.36684888E-16
    1502 -0.70393342E+01 -0.10327012E-16 -0.73158567E+01  0.36684888E-16
    1503 -0.70398987E+01 -0.10326946E-16 -0.73158567E+01  0.36684888E-16
    1504 -0.70404171E+01 -0.10326816E-16 -0.73158567E+01  0.36684888E-16
    1505 -0.70409600E+01 -0.10326805E-16 -0.73158567E+01  0.36684888E-16
    1506 -0.70414599E+01 -0.10326726E-16 -0.73158567E+01  0.36684888E-16
    1507 -0.70420159E+01 -0.10326752E-16 -0.73158567E+01  0.36684888E-16
    1508 -0.70425559E+01 -0.10326877E-16 -0.73158567E+01  0.36684888E-16
    1509 -0.70430678E+01 -0.10326816E-16 -0.73158567E+01  0.36684888E-16
    1510 -0.70435641E+01 -0.10326886E-16 -0.73158567E+01  0.36684888E-16
    1511 -0.70440655E+01 -0.10326791E-16 -0.73158567E+01  0.36684888E-16
    1512 -0.70445973E+01 -0.10326826E-16 -0.73158567E+01  0.36684888E-16
    1513 -0.70451289E+01 -0.10326759E-16 -0.73158567E+01  0.36684888E-16
    1514 -0.70456669E+01 -0.10326666E-16 -0.73158567E+01  0.36684888E-16
    1515 -0.70463206E+01 -0.10326609E-16 -0.73158567E+01  0.36684888E-16
    1516 -0.70468447E+01 -0.10326683E-16 -0.73158567E+01  0.36684888E-16
    1517 -0.70474214E+01 -0.10326704E-16 -0.73158567E+01  0.36684888E-16
    1518 -0.70479881E+01 -0.10326834E-16 -0.73158567E+01  0.36684888E-16
    1519 -0.70486341E+01 -0.10327030E-16 -0.73158567E+01  0.36684888E-16
    1520 -0.70491893E+01 -0.10327221E-16 -0.73158567E+01  0.36684888E-16
    1521 -0.70496613E+01 -0.10327336E-16 -0.73158567E+01  0.36684888E-16
    1522 -0.70501480E+01 -0.10327521E-16 -0.73158567E+01  0.36684888E-16
    1523 -0.70506193E+01 -0.10327473E-16 -0.73158567E+01  0.36684888E-16
    1524 -0.70510786E+01 -0.10327579E-16 -0.73158567E+01  0.36684888E-16
    1525 -0.70516313E+01 -0.10327544E-16 -0.73158567E+01  0.36684888E-16
    1526 -0.70522046E+01 -0.10327396E-16 -0.73158567E+01  0.36684888E-16
    1527 -0.70526704E+01 -0.10327479E-16 -0.73158567E+01  0.36684888E-16
    1528 -0.70531123E+01 -0.10327675E-16 -0.73158567E+01  0.36684888E-16
    1529 -0.70535324E+01 -0.10327776E-16 -0.73158567E+01  0.36684888E-16
    1530 -0.70539699E+01 -0.10327886E-16 -0.73158567E+01  0.36684888E-16
    1531 -0.70544779E+01 -0.10328023E-16 -0.73158567E+01  0.36684888E-16
    1532 -0.70549913E+01 -0.10327971E-16 -0.73158567E+01  0.36684888E-16
    1533 -0.70555068E+01 -0.10327995E-16 -0.73158567E+01  0.36684888E-16
    1534 -0.70560541E+01 -0.10328037E-16 -0.73158567E+01  0.36684888E-16
    1535 -0.70565491E+01 -0.10328088E-16 -0.73158567E+01  0.36684888E-16
    1536 -0.70570309E+01 -0.10328119E-16 -0.73158567E+01  0.36684888E-16
    1537 -0.70575849E+01 -0.10328094E-16 -0.73158567E+01  0.36684888E-16
    1538 -0.70580521E+01 -0.10328224E-16 -0.73158567E+01  0.36684888E-16
    1539 -0.70584891E+01 -0.10328306E-16 -0.73158567E+01  0.36684888E-16
    1540 -0.70589878E+01 -0.10328279E-16 -0.73158567E+01  0.36684888E-16
    1541 -0.70594669E+01 -0.10328271E-16 -0.73158567E+01  0.36684888E-16
    1542 -0.70599548E+01 -0.10328271E-16 -0.73158567E+01  0.36684888E-16
    1543 -0.70604658E+01 -0.10328110E-16 -0.73158567E+01  0.36684888E-16
    1544 -0.70609221E+01 -0.10328228E-16 -0.73158567E+01  0.36684888E-16
    1545 -0.70613697E+01 -0.10328227E-16 -0.73158567E+01  0.36684888E-16
    1546 -0.70618883E+01 -0.10328261E-16 -0.73158567E+01  0.36684888E-16
    1547 -0.70624098E+01 -0.10328155E-16 -0.73158567E+01  0.36684888E-16
    1548 -0.70629030E+01 -0.10328149E-16 -0.73158567E+01  0.36684888E-16
    1549 -0.70634396E+01 -0.10328280E-16 -0.73158567E+01  0.36684888E-16
    1550 -0.70639262E+01 -0.10328312E-16 -0.73158567E+01  0.36684888E-16
    1551 -0.70643847E+01 -0.10328327E-16 -0.73158567E+01  0.36684888E-16
    1552 -0.70648294E+01 -0.10328303E-16 -0.73158567E+01  0.36684888E-16
    1553 -0.70651997E+01 -0.10328213E-16 -0.73158567E+01  0.36684888E-16
    1554 -0.70657191E+01 -0.10328191E-16 -0.73158567E+01  0.36684888E-16
    1555 -0.70662025E+01 -0.10328181E-16 -0.73158567E+01  0.36684888E-16
    1556 -0.70667174E+01 -0.10328170E-16 -0.73158567E+01  0.36684888E-16
    1557 -0.70671231E+01 -0.10328252E-16 -0.73158567E+01  0.36684888E-16
    1558 -0.70676316E+01 -0.10328218E-16 -0.73158567E+01  0.36684888E-16
    1559 -0.70680535E+01 -0.10328364E-16 -0.73158567E+01  0.36684888E-16
    1560 -0.70685470E+01 -0.10328387E-16 -0.73158567E+01  0.36684888E-16
    1561 -0.70690147E+01 -0.10328678E-16 -0.73158567E+01  0.36684888E-16
    1562 -0.70694819E+01 -0.10328729E-16 -0.73158567E+01  0.36684888E-16
    1563 -0.70698963E+01 -0.10328861E-16 -0.73158567E+01  0.36684888E-16
    1564 -0.70703558E+01 -0.10328928E-16 -0.73158567E+01  0.36684888E-16
    1565 -0.70707931E+01 -0.10328686E-16 -0.73158567E+01  0.36684888E-16
    1566 -0.70713372E+01 -0.10328858E-16 -0.73158567E+01  0.36684888E-16
    1567 -0.70719239E+01 -0.10328947E-16 -0.73158567E+01  0.36684888E-16
    1568 -0.70724579E+01 -0.10329140E-16 -0.73158567E+01  0.36684888E-16
    1569 -0.70729872E+01 -0.10329163E-16 -0.73158567E+01  0.36684888E-16
    1570 -0.70735042E+01 -0.10329155E-16 -0.73158567E+01  0.36684888E-16
    1571 -0.70739989E+01 -0.10329119E-16 -0.73158567E+01  0.36684888E-16
    1572 -0.70744216E+01 -0.10329188E-16 -0.73158567E+01  0.36684888E-16
    1573 -0.70748614E+01 -0.10329224E-16 -0.73158567E+01  0.36684888E-16
    1574 -0.70753628E+01 -0.10329217E-16 -0.73158567E+01  0.36684888E-16
    1575 -0.70758551E+01 -0.10329209E-16 -0.73158567E+01  0.36684888E-16
    1576 -0.70763076E+01 -0.10329141E-16 -0.73158567E+01  0.36684888E-16
    1577 -0.70767423E+01 -0.10329134E-16 -0.73158567E+01  0.36684888E-16
    1578 -0.70772329E+01 -0.10328936E-16 -0.73158567E+01  0.36684888E-16
    1579 -0.70777456E+01 -0.10328938E-16 -0.73158567E+01  0.36684888E-16
    1580 -0.70782495E+01 -0.10328961E-16 -0.73158567E+01  0.36684888E-16
    1581 -0.70786664E+01 -0.10328983E-16 -0.73158567E+01  0.36684888E-16
    1582 -0.70790554E+01 -0.10329019E-16 -0.73158567E+01  0.36684888E-16
    1583 -0.70794125E+01 -0.10328870E-16 -0.73158567E+01  0.36684888E-16
    1584 -0.70798094E+01 -0.10328770E-16 -0.73158567E+01  0.36684888E-16
    1585 -0.70802155E+01 -0.10328634E-16 -0.73158567E+01  0.36684888E-16
    1586 -0.70806505E+01 -0.10328543E-16 -0.73158567E+01  0.36684888E-16
    1587 -0.70811145E+01 -0.10328528E-16 -0.73158567E+01  0.36684888E-16
    1588 -0.70816005E+01 -0.10328749E-16 -0.73158567E+01  0.36684888E-16
    1589 -0.70820161E+01 -0.10328863E-16 -0.73158567E+01  0.36684888E-16
    1590 -0.70824492E+01 -0.10328788E-16 -0.73158567E+01  0.36684888E-16
    1591 -0.70829054E+01 -0.10328805E-16 -0.73158567E+01  0.36684888E-16
    1592 -0.70833381E+01 -0.10328728E-16 -0.73158567E+01  0.36684888E-16
    1593 -0.70837953E+01 -0.10328676E-16 -0.73158567E+01  0.36684888E-16
    1594 -0.70842660E+01 -0.10328453E-16 -0.73158567E+01  0.36684888E-16
    1595 -0.70847186E+01 -0.10328353E-16 -0.73158567E+01  0.36684888E-16
    1596 -0.70851611E+01 -0.10328242E-16 -0.73158567E+01  0.36684888E-16
    1597 -0.70855899E+01 -0.10328358E-16 -0.73158567E+01  0.36684888E-16
    1598 -0.70861310E+01 -0.10328272E-16 -0.73158567E+01  0.36684888E-16
    1599 -0.70865343E+01 -0.10328257E-16 -0.73158567E+01  0.36684888E-16
    1600 -0.70870047E+01 -0.10328163E-16 -0.73158567E+01  0.36684888E-16
    1601 -0.70873895E+01 -0.10328157E-16 -0.73158567E+01  0.36684888E-16
    1602 -0.70877898E+01 -0.10328038E-16 -0.73158567E+01  0.36684888E-16
    1603 -0.70881935E+01 -0.10328116E-16 -0.73158567E+01  0.36684888E-16
    1604 -0.70886088E+01 -0.10328065E-16 -0.73158567E+01  0.36684888E-16
    1605 -0.70890424E+01 -0.10328053E-16 -0.73158567E+01  0.36684888E-16
    1606 -0.70894744E+01 -0.10328062E-16 -0.73158567E+01  0.36684888E-16
    1607 -0.70899285E+01 -0.10328059E-16 -0.73158567E+01  0.36684888E-16
    1608 -0.70902932E+01 -0.10328010E-16 -0.73158567E+01  0.36684888E-16
    1609 -0.70907270E+01 -0.10328026E-16 -0.73158567E+01  0.36684888E-16
    1610 -0.70911839E+01 -0.10327976E-16 -0.73158567E+01  0.36684888E-16
    1611 -0.70917050E+01 -0.10327866E-16 -0.73158567E+01  0.36684888E-16
    1612 -0.70921212E+01 -0.10327861E-16 -0.73158567E+01  0.36684888E-16
    1613 -0.70925991E+01 -0.10327912E-16 -0.73158567E+01  0.36684888E-16
    1614 -0.70930062E+01 -0.10327901E-16 -0.73158567E+01  0.36684888E-16
    1615 -0.70933961E+01 -0.10327861E-16 -0.73158567E+01  0.36684888E-16
    1616 -0.70937520E+01 -0.10327891E-16 -0.73158567E+01  0.36684888E-16
    1617 -0.70942335E+01 -0.10328111E-16 -0.73158567E+01  0.36684888E-16
    1618 -0.70946280E+01 -0.10328192E-16 -0.73158567E+01  0.36684888E-16
    1619 -0.70949898E+01 -0.10328177E-16 -0.73158567E+01  0.36684888E-16
    1620 -0.70953387E+01 -0.10328159E-16 -0.73158567E+01  0.36684888E-16
    1621 -0.70957573E+01 -0.10328333E-16 -0.73158567E+01  0.36684888E-16
    1622 -0.70962011E+01 -0.10328142E-16 -0.73158567E+01  0.36684888E-16
    1623 -0.70966336E+01 -0.10328152E-16 -0.73158567E+01  0.36684888E-16
    1624 -0.70970121E+01 -0.10328109E-16 -0.73158567E+01  0.36684888E-16
    1625 -0.70974332E+01 -0.10328108E-16 -0.73158567E+01  0.36684888E-16
    1626 -0.70978793E+01 -0.10328123E-16 -0.73158567E+01  0.36684888E-16
    1627 -0.70982874E+01 -0.10328007E-16 -0.73158567E+01  0.36684888E-16
    1628 -0.70986848E+01 -0.10327965E-16 -0.73158567E+01  0.36684888E-16
    1629 -0.70990627E+01 -0.10327930E-16 -0.73158567E+01  0.36684888E-16
    1630 -0.70994224E+01 -0.10327913E-16 -0.73158567E+01  0.36684888E-16
    1631 -0.70998675E+01 -0.10327976E-16 -0.73158567E+01  0.36684888E-16
    1632 -0.71003533E+01 -0.10327832E-16 -0.73158567E+01  0.36684888E-16
    1633 -0.71007095E+01 -0.10327859E-16 -0.73158567E+01  0.36684888E-16
    1634 -0.71011281E+01 -0.10327876E-16 -0.73158567E+01  0.36684888E-16
    1635 -0.71015449E+01 -0.10327919E-16 -0.73158567E+01  0.36684888E-16
    1636 -0.71020289E+01 -0.10328009E-16 -0.73158567E+01  0.36684888E-16
    1637 -0.71023917E+01 -0.10327905E-16 -0.73158567E+01  0.36684888E-16
    1638 -0.71027770E+01 -0.10327878E-16 -0.73158567E+01  0.36684888E-16
    1639 -0.71031403E+01 -0.10327854E-16 -0.73158567E+01  0.36684888E-16
    1640 -0.71035280E+01 -0.10327779E-16 -0.73158567E+01  0.36684888E-16
    1641 -0.71039256E+01 -0.10327812E-16 -0.73158567E+01  0.36684888E-16
    1642 -0.71043609E+01 -0.10327789E-16 -0.73158567E+01  0.36684888E-16
    1643 -0.71047167E+01 -0.10327882E-16 -0.73158567E+01  0.36684888E-16
    1644 -0.71051002E+01 -0.10327862E-16 -0.73158567E+01  0.36684888E-16
    1645 -0.71054648E+01 -0.10327847E-16 -0.73158567E+01  0.36684888E-16
    1646 -0.71059162E+01 -0.10327870E-16 -0.73158567E+01  0.36684888E-16
    1647 -0.71063421E+01 -0.10327844E-16 -0.73158567E+01  0.36684888E-16
    1648 -0.71067247E+01 -0.10327730E-16 -0.73158567E+01  0.36684888E-16
    1649 -0.71071143E+01 -0.10327809E-16 -0.73158567E+01  0.36684888E-16
    1650 -0.71074984E+01 -0.10327835E-16 -0.73158567E+01  0.36684888E-16
    1651 -0.71079787E+01 -0.10328021E-16 -0.73158567E+01  0.36684888E-16
    1652 -0.71083715E+01 -0.10328014E-16 -0.73158567E+01  0.36684888E-16
    1653 -0.71087832E+01 -0.10328129E-16 -0.73158567E+01  0.36684888E-16
    1654 -0.71091522E+01 -0.10328168E-16 -0.73158567E+01  0.36684888E-16
    1655 -0.71095164E+01 -0.10328110E-16 -0.73158567E+01  0.36684888E-16
    1656 -0.71099673E+01 -0.10328130E-16 -0.73158567E+01  0.36684888E-16
    1657 -0.71104192E+01 -0.10328295E-16 -0.73158567E+01  0.36684888E-16
    1658 -0.71108015E+01 -0.10328502E-16 -0.73158567E+01  0.36684888E-16
    1659 -0.71111889E+01 -0.10328509E-16 -0.73158567E+01  0.36684888E-16
    1660 -0.71116995E+01 -0.10328644E-16 -0.73158567E+01  0.36684888E-16
    1661 -0.71121650E+01 -0.10328616E-16 -0.73158567E+01  0.36684888E-16
    1662 -0.71126029E+01 -0.10328519E-16 -0.73158567E+01  0.36684888E-16
    1663 -0.71130546E+01 -0.10328526E-16 -0.73158567E+01  0.36684888E-16
    1664 -0.71135673E+01 -0.10328461E-16 -0.73158567E+01  0.36684888E-16
    1665 -0.71140468E+01 -0.10328417E-16 -0.73158567E+01  0.36684888E-16
    1666 -0.71144725E+01 -0.10328257E-16 -0.73158567E+01  0.36684888E-16
    1667 -0.71149339E+01 -0.10328208E-16 -0.73158567E+01  0.36684888E-16
    1668 -0.71153698E+01 -0.10328019E-16 -0.73158567E+01  0.36684888E-16
    1669 -0.71158383E+01 -0.10327946E-16 -0.73158567E+01  0.36684888E-16
    1670 -0.71162886E+01 -0.10327952E-16 -0.73158567E+01  0.36684888E-16
    1671 -0.71167598E+01 -0.10327909E-16 -0.73158567E+01  0.36684888E-16
    1672 -0.71171948E+01 -0.10327993E-16 -0.73158567E+01  0.36684888E-16
    1673 -0.71176025E+01 -0.10327935E-16 -0.73158567E+01  0.36684888E-16
    1674 -0.71180445E+01 -0.10327891E-16 -0.73158567E+01  0.36684888E-16
    1675 -0.71185596E+01 -0.10327886E-16 -0.73158567E+01  0.36684888E-16
    1676 -0.71189434E+01 -0.10327915E-16 -0.73158567E+01  0.36684888E-16
    1677 -0.71193165E+01 -0.10327912E-16 -0.73158567E+01  0.36684888E-16
    1678 -0.71196469E+01 -0.10327904E-16 -0.73158567E+01  0.36684888E-16
    1679 -0.71200362E+01 -0.10327969E-16 -0.73158567E+01  0.36684888E-16
    1680 -0.71204877E+01 -0.10327908E-16 -0.73158567E+01  0.36684888E-16
    1681 -0.71208884E+01 -0.10327823E-16 -0.73158567E+01  0.36684888E-16
    1682 -0.71212324E+01 -0.10327817E-16 -0.73158567E+01  0.36684888E-16
    1683 -0.71216116E+01 -0.10327792E-16 -0.73158567E+01  0.36684888E-16
    1684 -0.71219818E+01 -0.10327819E-16 -0.73158567E+01  0.36684888E-16
    1685 -0.71223992E+01 -0.10327759E-16 -0.73158567E+01  0.36684888E-16
    1686 -0.71228678E+01 -0.10327604E-16 -0.73158567E+01  0.36684888E-16
    1687 -0.71232824E+01 -0.10327495E-16 -0.73158567E+01  0.36684888E-16
    1688 -0.71236469E+01 -0.10327550E-16 -0.73158567E+01  0.36684888E-16
    1689 -0.71240059E+01 -0.10327515E-16 -0.73158567E+01  0.36684888E-16
    1690 -0.71244741E+01 -0.10327579E-16 -0.73158567E+01  0.36684888E-16
    1691 -0.71249247E+01 -0.10327624E-16 -0.73158567E+01  0.36684888E-16
    1692 -0.71254314E+01 -0.10327498E-16 -0.73158567E+01  0.36684888E-16
    1693 -0.71259007E+01 -0.10327656E-16 -0.73158567E+01  0.36684888E-16
    1694 -0.71263057E+01 -0.10327735E-16 -0.73158567E+01  0.36684888E-16
    1695 -0.71267392E+01 -0.10327753E-16 -0.73158567E+01  0.36684888E-16
    1696 -0.71271722E+01 -0.10327786E-16 -0.73158567E+01  0.36684888E-16
    1697 -0.71276178E+01 -0.10327846E-16 -0.73158567E+01  0.36684888E-16
    1698 -0.71280218E+01 -0.10327772E-16 -0.73158567E+01  0.36684888E-16
    1699 -0.71284955E+01 -0.10327624E-16 -0.73158567E+01  0.36684888E-16
    1700 -0.71289883E+01 -0.10327609E-16 -0.73158567E+01  0.36684888E-16
    1701 -0.71293974E+01 -0.10327599E-16 -0.73158567E+01  0.36684888E-16
    1702 -0.71298965E+01 -0.10327607E-16 -0.73158567E+01  0.36684888E-16
    1703 -0.71303426E+01 -0.10327531E-16 -0.73158567E+01  0.36684888E-16
    1704 -0.71307810E+01 -0.10327451E-16 -0.73158567E+01  0.36684888E-16
    1705 -0.71312644E+01 -0.10327427E-16 -0.73158567E+01  0.36684888E-16
    1706 -0.71316699E+01 -0.10327418E-16 -0.73158567E+01  0.36684888E-16
    1707 -0.71321101E+01 -0.10327464E-16 -0.73158567E+01  0.36684888E-16
    1708 -0.71325131E+01 -0.10327515E-16 -0.73158567E+01  0.36684888E-16
    1709 -0.71329313E+01 -0.10327549E-16 -0.73158567E+01  0.36684888E-16
    1710 -0.71332981E+01 -0.10327548E-16 -0.73158567E+01  0.36684888E-16
    1711 -0.71337701E+01 -0.10327600E-16 -0.73158567E+01  0.36684888E-16
    1712 -0.71342134E+01 -0.10327552E-16 -0.73158567E+01  0.36684888E-16
    1713 -0.71346633E+01 -0.10327518E-16 -0.73158567E+01  0.36684888E-16
    1714 -0.71351840E+01 -0.10327540E-16 -0.73158567E+01  0.36684888E-16
    1715 -0.71356478E+01 -0.10327388E-16 -0.73158567E+01  0.36684888E-16
    1716 -0.71361242E+01 -0.10327363E-16 -0.73158567E+01  0.36684888E-16
    1717 -0.71366319E+01 -0.10327366E-16 -0.73158567E+01  0.36684888E-16
    1718 -0.71370367E+01 -0.10327419E-16 -0.73158567E+01  0.36684888E-16
    1719 -0.71374540E+01 -0.10327257E-16 -0.73158567E+01  0.36684888E-16
    1720 -0.71378503E+01 -0.10327286E-16 -0.73158567E+01  0.36684888E-16
    1721 -0.71382165E+01 -0.10327349E-16 -0.73158567E+01  0.36684888E-16
    1722 -0.71386440E+01 -0.10327425E-16 -0.73158567E+01  0.36684888E-16
    1723 -0.71390342E+01 -0.10327456E-16 -0.73158567E+01  0.36684888E-16
    1724 -0.71394055E+01 -0.10327472E-16 -0.73158567E+01  0.36684888E-16
    1725 -0.71397810E+01 -0.10327469E-16 -0.73158567E+01  0.36684888E-16
    1726 -0.71402255E+01 -0.10327501E-16 -0.73158567E+01  0.36684888E-16
    1727 -0.71407497E+01 -0.10327537E-16 -0.73158567E+01  0.36684888E-16
    1728 -0.71411778E+01 -0.10327616E-16 -0.73158567E+01  0.36684888E-16
    1729 -0.71416056E+01 -0.10327546E-16 -0.73158567E+01  0.36684888E-16
    1730 -0.71419688E+01 -0.10327499E-16 -0.73158567E+01  0.36684888E-16
    1731 -0.71424540E+01 -0.10327480E-16 -0.73158567E+01  0.36684888E-16
    1732 -0.71429485E+01 -0.10327557E-16 -0.73158567E+01  0.36684888E-16
    1733 -0.71433425E+01 -0.10327523E-16 -0.73158567E+01  0.36684888E-16
    1734 -0.71437438E+01 -0.10327521E-16 -0.73158567E+01  0.36684888E-16
    1735 -0.71441252E+01 -0.10327498E-16 -0.73158567E+01  0.36684888E-16
    1736 -0.71445317E+01 -0.10327475E-16 -0.73158567E+01  0.36684888E-16
    1737 -0.71449395E+01 -0.10327452E-16 -0.73158567E+01  0.36684888E-16
    1738 -0.71453475E+01 -0.10327563E-16 -0.73158567E+01  0.36684888E-16
    1739 -0.71457286E+01 -0.10327737E-16 -0.73158567E+01  0.36684888E-16
    1740 -0.71461480E+01 -0.10327842E-16 -0.73158567E+01  0.36684888E-16
    1741 -0.71465018E+01 -0.10327754E-16 -0.73158567E+01  0.36684888E-16
    1742 -0.71468647E+01 -0.10327684E-16 -0.73158567E+01  0.36684888E-16
    1743 -0.71472728E+01 -0.10327679E-16 -0.73158567E+01  0.36684888E-16
    1744 -0.71475991E+01 -0.10327762E-16 -0.73158567E+01  0.36684888E-16
    1745 -0.71479721E+01 -0.10327772E-16 -0.73158567E+01  0.36684888E-16
    1746 -0.71484049E+01 -0.10327879E-16 -0.73158567E+01  0.36684888E-16
    1747 -0.71488092E+01 -0.10327804E-16 -0.73158567E+01  0.36684888E-16
    1748 -0.71492558E+01 -0.10327743E-16 -0.73158567E+01  0.36684888E-16
    1749 -0.71495979E+01 -0.10327809E-16 -0.73158567E+01  0.36684888E-16
    1750 -0.71500207E+01 -0.10327845E-16 -0.73158567E+01  0.36684888E-16
    1751 -0.71504148E+01 -0.10327796E-16 -0.73158567E+01  0.36684888E-16
    1752 -0.71509377E+01 -0.10327881E-16 -0.73158567E+01  0.36684888E-16
    1753 -0.71513321E+01 -0.10327936E-16 -0.73158567E+01  0.36684888E-16
    1754 -0.71517821E+01 -0.10327937E-16 -0.73158567E+01  0.36684888E-16
    1755 -0.71522341E+01 -0.10327798E-16 -0.73158567E+01  0.36684888E-16
    1756 -0.71527669E+01 -0.10327845E-16 -0.73158567E+01  0.36684888E-16
    1757 -0.71532008E+01 -0.10327802E-16 -0.73158567E+01  0.36684888E-16
    1758 -0.71536601E+01 -0.10327830E-16 -0.73158567E+01  0.36684888E-16
    1759 -0.71541200E+01 -0.10327979E-16 -0.73158567E+01  0.36684888E-16
    1760 -0.71546087E+01 -0.10327949E-16 -0.73158567E+01  0.36684888E-16
    1761 -0.71550803E+01 -0.10328011E-16 -0.73158567E+01  0.36684888E-16
    1762 -0.71554742E+01 -0.10328042E-16 -0.73158567E+01  0.36684888E-16
    1763 -0.71558666E+01 -0.10328017E-16 -0.73158567E+01  0.36684888E-16
    1764 -0.71563312E+01 -0.10328028E-16 -0.73158567E+01  0.36684888E-16
    1765 -0.71567601E+01 -0.10327952E-16 -0.73158567E+01  0.36684888E-16
    1766 -0.71571906E+01 -0.10327701E-16 -0.73158567E+01  0.36684888E-16
    1767 -0.71576733E+01 -0.10327648E-16 -0.73158567E+01  0.36684888E-16
    1768 -0.71581470E+01 -0.10327526E-16 -0.73158567E+01  0.36684888E-16
    1769 -0.71586099E+01 -0.10327580E-16 -0.73158567E+01  0.36684888E-16
    1770 -0.71590114E+01 -0.10327686E-16 -0.73158567E+01  0.36684888E-16
    1771 -0.71594313E+01 -0.10327753E-16 -0.73158567E+01  0.36684888E-16
    1772 -0.71598519E+01 -0.10327810E-16 -0.73158567E+01  0.36684888E-16
    1773 -0.71602180E+01 -0.10327827E-16 -0.73158567E+01  0.36684888E-16
    1774 -0.71606456E+01 -0.10327759E-16 -0.73158567E+01  0.36684888E-16
    1775 -0.71611634E+01 -0.10327716E-16 -0.73158567E+01  0.36684888E-16
    1776 -0.71616287E+01 -0.10327754E-16 -0.73158567E+01  0.36684888E-16
    1777 -0.71620529E+01 -0.10327869E-16 -0.73158567E+01  0.36684888E-16
    1778 -0.71623715E+01 -0.10327847E-16 -0.73158567E+01  0.36684888E-16
    1779 -0.71627622E+01 -0.10327884E-16 -0.73158567E+01  0.36684888E-16
    1780 -0.71631694E+01 -0.10327882E-16 -0.73158567E+01  0.36684888E-16
    1781 -0.71636618E+01 -0.10327876E-16 -0.73158567E+01  0.36684888E-16
    1782 -0.71639714E+01 -0.10327889E-16 -0.73158567E+01  0.36684888E-16
    1783 -0.71643214E+01 -0.10327930E-16 -0.73158567E+01  0.36684888E-16
    1784 -0.71647329E+01 -0.10327894E-16 -0.73158567E+01  0.36684888E-16
    1785 -0.71651012E+01 -0.10327787E-16 -0.73158567E+01  0.36684888E-16
    1786 -0.71655219E+01 -0.10327751E-16 -0.73158567E+01  0.36684888E-16
    1787 -0.71659985E+01 -0.10327773E-16 -0.73158567E+01  0.36684888E-16
    1788 -0.71664071E+01 -0.10327599E-16 -0.73158567E+01  0.36684888E-16
    1789 -0.71668258E+01 -0.10327612E-16 -0.73158567E+01  0.36684888E-16
    1790 -0.71672876E+01 -0.10327561E-16 -0.73158567E+01  0.36684888E-16
    1791 -0.71676777E+01 -0.10327530E-16 -0.73158567E+01  0.36684888E-16
    1792 -0.71680642E+01 -0.10327471E-16 -0.73158567E+01  0.36684888E-16
    1793 -0.71684583E+01 -0.10327579E-16 -0.73158567E+01  0.36684888E-16
    1794 -0.71688671E+01 -0.10327525E-16 -0.73158567E+01  0.36684888E-16
    1795 -0.71692814E+01 -0.10327562E-16 -0.73158567E+01  0.36684888E-16
    1796 -0.71696827E+01 -0.10327536E-16 -0.73158567E+01  0.36684888E-16
    1797 -0.71700329E+01 -0.10327437E-16 -0.73158567E+01  0.36684888E-16
    1798 -0.71704536E+01 -0.10327412E-16 -0.73158567E+01  0.36684888E-16
    1799 -0.71708084E+01 -0.10327383E-16 -0.73158567E+01  0.36684888E-16
    1800 -0.71711548E+01 -0.10327330E-16 -0.73158567E+01  0.36684888E-16
    1801 -0.71715846E+01 -0.10327377E-16 -0.73158567E+01  0.36684888E-16
    1802 -0.71719342E+01 -0.10327317E-16 -0.73158567E+01  0.36684888E-16
    1803 -0.71723822E+01 -0.10327203E-16 -0.73158567E+01  0.36684888E-16
    1804 -0.71727888E+01 -0.10327249E-16 -0.73158567E+01  0.36684888E-16
    1805 -0.71731192E+01 -0.10327282E-16 -0.73158567E+01  0.36684888E-16
    1806 -0.71735280E+01 -0.10327316E-16 -0.73158567E+01  0.36684888E-16
    1807 -0.71740380E+01 -0.10327212E-16 -0.73158567E+01  0.36684888E-16
    1808 -0.71744880E+01 -0.10327282E-16 -0.73158567E+01  0.36684888E-16
    1809 -0.71748713E+01 -0.10327300E-16 -0.73158567E+01  0.36684888E-16
    1810 -0.71752216E+01 -0.10327340E-16 -0.73158567E+01  0.36684888E-16
    1811 -0.71756313E+01 -0.10327304E-16 -0.73158567E+01  0.36684888E-16
    1812 -0.71760261E+01 -0.10327419E-16 -0.73158567E+01  0.36684888E-16
    1813 -0.71764530E+01 -0.10327374E-16 -0.73158567E+01  0.36684888E-16
    1814 -0.71769202E+01 -0.10327276E-16 -0.73158567E+01  0.36684888E-16
    1815 -0.71773144E+01 -0.10327326E-16 -0.73158567E+01  0.36684888E-16
    1816 -0.71777613E+01 -0.10327153E-16 -0.73158567E+01  0.36684888E-16
    1817 -0.71781361E+01 -0.10327266E-16 -0.73158567E+01  0.36684888E-16
    1818 -0.71785741E+01 -0.10327308E-16 -0.73158567E+01  0.36684888E-16
    1819 -0.71789681E+01 -0.10327158E-16 -0.73158567E+01  0.36684888E-16
    1820 -0.71793813E+01 -0.10327095E-16 -0.73158567E+01  0.36684888E-16
    1821 -0.71798457E+01 -0.10326985E-16 -0.73158567E+01  0.36684888E-16
    1822 -0.71803861E+01 -0.10327196E-16 -0.73158567E+01  0.36684888E-16
    1823 -0.71808127E+01 -0.10327291E-16 -0.73158567E+01  0.36684888E-16
    1824 -0.71812426E+01 -0.10327341E-16 -0.73158567E+01  0.36684888E-16
    1825 -0.71816685E+01 -0.10327384E-16 -0.73158567E+01  0.36684888E-16
    1826 -0.71820803E+01 -0.10327294E-16 -0.73158567E+01  0.36684888E-16
    1827 -0.71824336E+01 -0.10327218E-16 -0.73158567E+01  0.36684888E-16
    1828 -0.71828088E+01 -0.10327272E-16 -0.73158567E+01  0.36684888E-16
    1829 -0.71832282E+01 -0.10327266E-16 -0.73158567E+01  0.36684888E-16
    1830 -0.71836703E+01 -0.10327334E-16 -0.73158567E+01  0.36684888E-16
    1831 -0.71840391E+01 -0.10327388E-16 -0.73158567E+01  0.36684888E-16
    1832 -0.71843931E+01 -0.10327422E-16 -0.73158567E+01  0.36684888E-16
    1833 -0.71847294E+01 -0.10327376E-16 -0.73158567E+01  0.36684888E-16
    1834 -0.71851521E+01 -0.10327376E-16 -0.73158567E+01  0.36684888E-16
    1835 -0.71855083E+01 -0.10327329E-16 -0.73158567E+01  0.36684888E-16
    1836 -0.71858007E+01 -0.10327353E-16 -0.73158567E+01  0.36684888E-16
    1837 -0.71862731E+01 -0.10327280E-16 -0.73158567E+01  0.36684888E-16
    1838 -0.71867112E+01 -0.10327409E-16 -0.73158567E+01  0.36684888E-16
    1839 -0.71870497E+01 -0.10327370E-16 -0.73158567E+01  0.36684888E-16
    1840 -0.71874246E+01 -0.10327362E-16 -0.73158567E+01  0.36684888E-16
    1841 -0.71877972E+01 -0.10327305E-16 -0.73158567E+01  0.36684888E-16
    1842 -0.71882402E+01 -0.10327327E-16 -0.73158567E+01  0.36684888E-16
    1843 -0.71886095E+01 -0.10327408E-16 -0.73158567E+01  0.36684888E-16
    1844 -0.71889936E+01 -0.10327400E-16 -0.73158567E+01  0.36684888E-16
    1845 -0.71894166E+01 -0.10327403E-16 -0.73158567E+01  0.36684888E-16
    1846 -0.71897982E+01 -0.10327393E-16 -0.73158567E+01  0.36684888E-16
    1847 -0.71901751E+01 -0.10327369E-16 -0.73158567E+01  0.36684888E-16
    1848 -0.71905557E+01 -0.10327477E-16 -0.73158567E+01  0.36684888E-16
    1849 -0.71909205E+01 -0.10327447E-16 -0.73158567E+01  0.36684888E-16
    1850 -0.71913398E+01 -0.10327515E-16 -0.73158567E+01  0.36684888E-16
    1851 -0.71917187E+01 -0.10327489E-16 -0.73158567E+01  0.36684888E-16
    1852 -0.71920702E+01 -0.10327508E-16 -0.73158567E+01  0.36684888E-16
    1853 -0.71924175E+01 -0.10327582E-16 -0.73158567E+01  0.36684888E-16
    1854 -0.71927740E+01 -0.10327607E-16 -0.73158567E+01  0.36684888E-16
    1855 -0.71930982E+01 -0.10327683E-16 -0.73158567E+01  0.36684888E-16
    1856 -0.71934813E+01 -0.10327752E-16 -0.73158567E+01  0.36684888E-16
    1857 -0.71939157E+01 -0.10327677E-16 -0.73158567E+01  0.36684888E-16
    1858 -0.71942673E+01 -0.10327662E-16 -0.73158567E+01  0.36684888E-16
    1859 -0.71946800E+01 -0.10327686E-16 -0.73158567E+01  0.36684888E-16
    1860 -0.71951165E+01 -0.10327702E-16 -0.73158567E+01  0.36684888E-16
    1861 -0.71955324E+01 -0.10327635E-16 -0.73158567E+01  0.36684888E-16
    1862 -0.71958406E+01 -0.10327663E-16 -0.73158567E+01  0.36684888E-16
    1863 -0.71962302E+01 -0.10327643E-16 -0.73158567E+01  0.36684888E-16
    1864 -0.71965732E+01 -0.10327692E-16 -0.73158567E+01  0.36684888E-16
    1865 -0.71969927E+01 -0.10327712E-16 -0.73158567E+01  0.36684888E-16
    1866 -0.71974443E+01 -0.10327694E-16 -0.73158567E+01  0.36684888E-16
    1867 -0.71979201E+01 -0.10327642E-16 -0.73158567E+01  0.36684888E-16
    1868 -0.71983665E+01 -0.10327663E-16 -0.73158567E+01  0.36684888E-16
    1869 -0.71987697E+01 -0.10327717E-16 -0.73158567E+01  0.36684888E-16
    1870 -0.71991134E+01 -0.10327704E-16 -0.73158567E+01  0.36684888E-16
    1871 -0.71994842E+01 -0.10327717E-16 -0.73158567E+01  0.36684888E-16
    1872 -0.71998074E+01 -0.10327720E-16 -0.73158567E+01  0.36684888E-16
    1873 -0.72002145E+01 -0.10327662E-16 -0.73158567E+01  0.36684888E-16
    1874 -0.72005744E+01 -0.10327651E-16 -0.73158567E+01  0.36684888E-16
    1875 -0.72009541E+01 -0.10327686E-16 -0.73158567E+01  0.36684888E-16
    1876 -0.72014034E+01 -0.10327690E-16 -0.73158567E+01  0.36684888E-16
    1877 -0.72017433E+01 -0.10327648E-16 -0.73158567E+01  0.36684888E-16
    1878 -0.72021604E+01 -0.10327655E-16 -0.73158567E+01  0.36684888E-16
    1879 -0.72025799E+01 -0.10327608E-16 -0.73158567E+01  0.36684888E-16
    1880 -0.72029535E+01 -0.10327637E-16 -0.73158567E+01  0.36684888E-16
    1881 -0.72033391E+01 -0.10327671E-16 -0.73158567E+01  0.36684888E-16
    1882 -0.72036771E+01 -0.10327741E-16 -0.73158567E+01  0.36684888E-16
    1883 -0.72040368E+01 -0.10327651E-16 -0.73158567E+01  0.36684888E-16
    1884 -0.72044249E+01 -0.10327693E-16 -0.73158567E+01  0.36684888E-16
    1885 -0.72047789E+01 -0.10327702E-16 -0.73158567E+01  0.36684888E-16
    1886 -0.72051793E+01 -0.10327663E-16 -0.73158567E+01  0.36684888E-16
    1887 -0.72055366E+01 -0.10327644E-16 -0.73158567E+01  0.36684888E-16
    1888 -0.72059143E+01 -0.10327636E-16 -0.73158567E+01  0.36684888E-16
    1889 -0.72063028E+01 -0.10327590E-16 -0.73158567E+01  0.36684888E-16
    1890 -0.72066577E+01 -0.10327582E-16 -0.73158567E+01  0.36684888E-16
    1891 -0.72070521E+01 -0.10327545E-16 -0.73158567E+01  0.36684888E-16
    1892 -0.72074038E+01 -0.10327510E-16 -0.73158567E+01  0.36684888E-16
    1893 -0.72077440E+01 -0.10327587E-16 -0.73158567E+01  0.36684888E-16
    1894 -0.72081375E+01 -0.10327519E-16 -0.73158567E+01  0.36684888E-16
    1895 -0.72085095E+01 -0.10327499E-16 -0.73158567E+01  0.36684888E-16
    1896 -0.72088773E+01 -0.10327456E-16 -0.73158567E+01  0.36684888E-16
    1897 -0.72092362E+01 -0.10327451E-16 -0.73158567E+01  0.36684888E-16
    1898 -0.72095641E+01 -0.10327501E-16 -0.73158567E+01  0.36684888E-16
    1899 -0.72099101E+01 -0.10327563E-16 -0.73158567E+01  0.36684888E-16
    1900 -0.72102949E+01 -0.10327608E-16 -0.73158567E+01  0.36684888E-16
    1901 -0.72106314E+01 -0.10327609E-16 -0.73158567E+01  0.36684888E-16
    1902 -0.72109624E+01 -0.10327620E-16 -0.73158567E+01  0.36684888E-16
    1903 -0.72112853E+01 -0.10327645E-16 -0.73158567E+01  0.36684888E-16
    1904 -0.72116361E+01 -0.10327606E-16 -0.73158567E+01  0.36684888E-16
    1905 -0.72119782E+01 -0.10327633E-16 -0.73158567E+01  0.36684888E-16
    1906 -0.72123240E+01 -0.10327551E-16 -0.73158567E+01  0.36684888E-16
    1907 -0.72126845E+01 -0.10327600E-16 -0.73158567E+01  0.36684888E-16
    1908 -0.72130639E+01 -0.10327528E-16 -0.73158567E+01  0.36684888E-16
    1909 -0.72134186E+01 -0.10327553E-16 -0.73158567E+01  0.36684888E-16
    1910 -0.72137691E+01 -0.10327567E-16 -0.73158567E+01  0.36684888E-16
    1911 -0.72141369E+01 -0.10327542E-16 -0.73158567E+01  0.36684888E-16
    1912 -0.72145153E+01 -0.10327515E-16 -0.73158567E+01  0.36684888E-16
    1913 -0.72149188E+01 -0.10327496E-16 -0.73158567E+01  0.36684888E-16
    1914 -0.72153249E+01 -0.10327493E-16 -0.73158567E+01  0.36684888E-16
    1915 -0.72157150E+01 -0.10327394E-16 -0.73158567E+01  0.36684888E-16
    1916 -0.72161209E+01 -0.10327345E-16 -0.73158567E+01  0.36684888E-16
    1917 -0.72165193E+01 -0.10327389E-16 -0.73158567E+01  0.36684888E-16
    1918 -0.72168683E+01 -0.10327270E-16 -0.73158567E+01  0.36684888E-16
    1919 -0.72172098E+01 -0.10327191E-16 -0.73158567E+01  0.36684888E-16
    1920 -0.72176060E+01 -0.10327240E-16 -0.73158567E+01  0.36684888E-16
    1921 -0.72180206E+01 -0.10327209E-16 -0.73158567E+01  0.36684888E-16
    1922 -0.72183642E+01 -0.10327206E-16 -0.73158567E+01  0.36684888E-16
    1923 -0.72187422E+01 -0.10327222E-16 -0.73158567E+01  0.36684888E-16
    1924 -0.72191051E+01 -0.10327245E-16 -0.73158567E+01  0.36684888E-16
    1925 -0.72195330E+01 -0.10327407E-16 -0.73158567E+01  0.36684888E-16
    1926 -0.72198544E+01 -0.10327350E-16 -0.73158567E+01  0.36684888E-16
    1927 -0.72202552E+01 -0.10327312E-16 -0.73158567E+01  0.36684888E-16
    1928 -0.72207004E+01 -0.10327293E-16 -0.73158567E+01  0.36684888E-16
    1929 -0.72211227E+01 -0.10327334E-16 -0.73158567E+01  0.36684888E-16
    1930 -0.72214757E+01 -0.10327341E-16 -0.73158567E+01  0.36684888E-16
    1931 -0.72218241E+01 -0.10327310E-16 -0.73158567E+01  0.36684888E-16
    1932 -0.72222587E+01 -0.10327299E-16 -0.73158567E+01  0.36684888E-16
    1933 -0.72226849E+01 -0.10327259E-16 -0.73158567E+01  0.36684888E-16
    1934 -0.72230525E+01 -0.10327258E-16 -0.73158567E+01  0.36684888E-16
    1935 -0.72233981E+01 -0.10327167E-16 -0.73158567E+01  0.36684888E-16
    1936 -0.72237610E+01 -0.10327167E-16 -0.73158567E+01  0.36684888E-16
    1937 -0.72240672E+01 -0.10327100E-16 -0.73158567E+01  0.36684888E-16
    1938 -0.72244214E+01 -0.10327129E-16 -0.73158567E+01  0.36684888E-16
    1939 -0.72247838E+01 -0.10327219E-16 -0.73158567E+01  0.36684888E-16
    1940 -0.72251420E+01 -0.10327247E-16 -0.73158567E+01  0.36684888E-16
    1941 -0.72254576E+01 -0.10327193E-16 -0.73158567E+01  0.36684888E-16
    1942 -0.72258575E+01 -0.10327126E-16 -0.73158567E+01  0.36684888E-16
    1943 -0.72262009E+01 -0.10327183E-16 -0.73158567E+01  0.36684888E-16
    1944 -0.72265958E+01 -0.10327187E-16 -0.73158567E+01  0.36684888E-16
    1945 -0.72269438E+01 -0.10327167E-16 -0.73158567E+01  0.36684888E-16
    1946 -0.72272861E+01 -0.10327210E-16 -0.73158567E+01  0.36684888E-16
    1947 -0.72276140E+01 -0.10327215E-16 -0.73158567E+01  0.36684888E-16
    1948 -0.72280037E+01 -0.10327173E-16 -0.73158567E+01  0.36684888E-16
    1949 -0.72283928E+01 -0.10327194E-16 -0.73158567E+01  0.36684888E-16
    1950 -0.72287519E+01 -0.10327104E-16 -0.73158567E+01  0.36684888E-16
    1951 -0.72291282E+01 -0.10327064E-16 -0.73158567E+01  0.36684888E-16
    1952 -0.72295012E+01 -0.10327080E-16 -0.73158567E+01  0.36684888E-16
    1953 -0.72298339E+01 -0.10327176E-16 -0.73158567E+01  0.36684888E-16
    1954 -0.72302294E+01 -0.10327126E-16 -0.73158567E+01  0.36684888E-16
    1955 -0.72306049E+01 -0.10327162E-16 -0.73158567E+01  0.36684888E-16
    1956 -0.72309610E+01 -0.10327184E-16 -0.73158567E+01  0.36684888E-16
    1957 -0.72313643E+01 -0.10327093E-16 -0.73158567E+01  0.36684888E-16
    1958 -0.72317359E+01 -0.10327058E-16 -0.73158567E+01  0.36684888E-16
    1959 -0.72320607E+01 -0.10327039E-16 -0.73158567E+01  0.36684888E-16
    1960 -0.72323952E+01 -0.10327047E-16 -0.73158567E+01  0.36684888E-16
    1961 -0.72327926E+01 -0.10327087E-16 -0.73158567E+01  0.36684888E-16
    1962 -0.72331328E+01 -0.10327149E-16 -0.73158567E+01  0.36684888E-16
    1963 -0.72334886E+01 -0.10327173E-16 -0.73158567E+01  0.36684888E-16
    1964 -0.72338672E+01 -0.10327205E-16 -0.73158567E+01  0.36684888E-16
    1965 -0.72342512E+01 -0.10327207E-16 -0.73158567E+01  0.36684888E-16
    1966 -0.72346742E+01 -0.10327341E-16 -0.73158567E+01  0.36684888E-16
    1967 -0.72350663E+01 -0.10327349E-16 -0.73158567E+01  0.36684888E-16
    1968 -0.72354655E+01 -0.10327327E-16 -0.73158567E+01  0.36684888E-16
    1969 -0.72358432E+01 -0.10327226E-16 -0.73158567E+01  0.36684888E-16
    1970 -0.72362028E+01 -0.10327145E-16 -0.73158567E+01  0.36684888E-16
    1971 -0.72364921E+01 -0.10327131E-16 -0.73158567E+01  0.36684888E-16
    1972 -0.72368217E+01 -0.10327164E-16 -0.73158567E+01  0.36684888E-16
    1973 -0.72371494E+01 -0.10327080E-16 -0.73158567E+01  0.36684888E-16
    1974 -0.72374920E+01 -0.10327080E-16 -0.73158567E+01  0.36684888E-16
    1975 -0.72378241E+01 -0.10327083E-16 -0.73158567E+01  0.36684888E-16
    1976 -0.72381710E+01 -0.10327049E-16 -0.73158567E+01  0.36684888E-16
    1977 -0.72384782E+01 -0.10326964E-16 -0.73158567E+01  0.36684888E-16
    1978 -0.72387912E+01 -0.10326903E-16 -0.73158567E+01  0.36684888E-16
    1979 -0.72391182E+01 -0.10326883E-16 -0.73158567E+01  0.36684888E-16
    1980 -0.72394421E+01 -0.10326910E-16 -0.73158567E+01  0.36684888E-16
    1981 -0.72397997E+01 -0.10326896E-16 -0.73158567E+01  0.36684888E-16
    1982 -0.72401816E+01 -0.10326922E-16 -0.73158567E+01  0.36684888E-16
    1983 -0.72405584E+01 -0.10326949E-16 -0.73158567E+01  0.36684888E-16
    1984 -0.72408538E+01 -0.10326977E-16 -0.73158567E+01  0.36684888E-16
    1985 -0.72412109E+01 -0.10326920E-16 -0.73158567E+01  0.36684888E-16
    1986 -0.72415782E+01 -0.10326799E-16 -0.73158567E+01  0.36684888E-16
    1987 -0.72419412E+01 -0.10326840E-16 -0.73158567E+01  0.36684888E-16
    1988 -0.72423142E+01 -0.10326886E-16 -0.73158567E+01  0.36684888E-16
    1989 -0.72426371E+01 -0.10326867E-16 -0.73158567E+01  0.36684888E-16
    1990 -0.72429774E+01 -0.10326802E-16 -0.73158567E+01  0.36684888E-16
    1991 -0.72433990E+01 -0.10326870E-16 -0.73158567E+01  0.36684888E-16
    1992 -0.72437651E+01 -0.10326876E-16 -0.73158567E+01  0.36684888E-16
    1993 -0.72441684E+01 -0.10326945E-16 -0.73158567E+01  0.36684888E-16
    1994 -0.72445330E+01 -0.10326993E-16 -0.73158567E+01  0.36684888E-16
    1995 -0.72448960E+01 -0.10327015E-16 -0.73158567E+01  0.36684888E-16
    1996 -0.72452721E+01 -0.10326986E-16 -0.73158567E+01  0.36684888E-16
    1997 -0.72456395E+01 -0.10326987E-16 -0.73158567E+01  0.36684888E-16
    1998 -0.72459666E+01 -0.10326967E-16 -0.73158567E+01  0.36684888E-16
    1999 -0.72462960E+01 -0.10326942E-16 -0.73158567E+01  0.36684888E-16
    2000 -0.72466349E+01 -0.10326843E-16 -0.73158567E+01  0.36684888E-16
    2001 -0.72469404E+01 -0.10326846E-16 -0.73158567E+01  0.36684888E-16
    2002 -0.72472913E+01 -0.10326882E-16 -0.73158567E+01  0.36684888E-16
    2003 -0.72476017E+01 -0.10326853E-16 -0.73158567E+01  0.36684888E-16
    2004 -0.72479541E+01 -0.10326811E-16 -0.73158567E+01  0.36684888E-16
    2005 -0.72483278E+01 -0.10326730E-16 -0.73158567E+01  0.36684888E-16
    2006 -0.72486666E+01 -0.10326772E-16 -0.73158567E+01  0.36684888E-16
    2007 -0.72490126E+01 -0.10326764E-16 -0.73158567E+01  0.36684888E-16
    2008 -0.72493759E+01 -0.10326730E-16 -0.73158567E+01  0.36684888E-16
    2009 -0.72497173E+01 -0.10326853E-16 -0.73158567E+01  0.36684888E-16
    2010 -0.72500407E+01 -0.10326777E-16 -0.73158567E+01  0.36684888E-16
    2011 -0.72503388E+01 -0.10326799E-16 -0.73158567E+01  0.36684888E-16
    2012 -0.72506522E+01 -0.10326826E-16 -0.73158567E+01  0.36684888E-16
    2013 -0.72510006E+01 -0.10326867E-16 -0.73158567E+01  0.36684888E-16
    2014 -0.72513219E+01 -0.10326907E-16 -0.73158567E+01  0.36684888E-16
    2015 -0.72516435E+01 -0.10326841E-16 -0.73158567E+01  0.36684888E-16
    2016 -0.72519568E+01 -0.10326877E-16 -0.73158567E+01  0.36684888E-16
    2017 -0.72522984E+01 -0.10326870E-16 -0.73158567E+01  0.36684888E-16
    2018 -0.72526140E+01 -0.10326839E-16 -0.73158567E+01  0.36684888E-16
    2019 -0.72529720E+01 -0.10326862E-16 -0.73158567E+01  0.36684888E-16
    2020 -0.72533167E+01 -0.10326843E-16 -0.73158567E+01  0.36684888E-16
    2021 -0.72537267E+01 -0.10326701E-16 -0.73158567E+01  0.36684888E-16
    2022 -0.72540408E+01 -0.10326694E-16 -0.73158567E+01  0.36684888E-16
    2023 -0.72543493E+01 -0.10326627E-16 -0.73158567E+01  0.36684888E-16
    2024 -0.72547108E+01 -0.10326548E-16 -0.73158567E+01  0.36684888E-16
    2025 -0.72550494E+01 -0.10326509E-16 -0.73158567E+01  0.36684888E-16
    2026 -0.72554121E+01 -0.10326572E-16 -0.73158567E+01  0.36684888E-16
    2027 -0.72557844E+01 -0.10326781E-16 -0.73158567E+01  0.36684888E-16
    2028 -0.72560995E+01 -0.10326858E-16 -0.73158567E+01  0.36684888E-16
    2029 -0.72564129E+01 -0.10326870E-16 -0.73158567E+01  0.36684888E-16
    2030 -0.72567422E+01 -0.10326796E-16 -0.73158567E+01  0.36684888E-16
    2031 -0.72570824E+01 -0.10326739E-16 -0.73158567E+01  0.36684888E-16
    2032 -0.72574325E+01 -0.10326793E-16 -0.73158567E+01  0.36684888E-16
    2033 -0.72577941E+01 -0.10326814E-16 -0.73158567E+01  0.36684888E-16
    2034 -0.72581582E+01 -0.10326840E-16 -0.73158567E+01  0.36684888E-16
    2035 -0.72584684E+01 -0.10326832E-16 -0.73158567E+01  0.36684888E-16
    2036 -0.72587952E+01 -0.10326840E-16 -0.73158567E+01  0.36684888E-16
    2037 -0.72590926E+01 -0.10326893E-16 -0.73158567E+01  0.36684888E-16
    2038 -0.72594295E+01 -0.10326934E-16 -0.73158567E+01  0.36684888E-16
    2039 -0.72597930E+01 -0.10326893E-16 -0.73158567E+01  0.36684888E-16
    2040 -0.72601261E+01 -0.10326909E-16 -0.73158567E+01  0.36684888E-16
    2041 -0.72604549E+01 -0.10326915E-16 -0.73158567E+01  0.36684888E-16
    2042 -0.72607942E+01 -0.10326924E-16 -0.73158567E+01  0.36684888E-16
    2043 -0.72611531E+01 -0.10326920E-16 -0.73158567E+01  0.36684888E-16
    2044 -0.72614989E+01 -0.10326905E-16 -0.73158567E+01  0.36684888E-16
    2045 -0.72618360E+01 -0.10326870E-16 -0.73158567E+01  0.36684888E-16
    2046 -0.72621878E+01 -0.10326868E-16 -0.73158567E+01  0.36684888E-16
    2047 -0.72625546E+01 -0.10326962E-16 -0.73158567E+01  0.36684888E-16
    2048 -0.72629321E+01 -0.10326981E-16 -0.73158567E+01  0.36684888E-16
