n ch_hole col3 col4 col5
    1000 -0.65627972E+01 -0.12503416E-16 -0.74079930E+01  0.33847991E-17
    1001 -0.65641522E+01 -0.12503436E-16 -0.74079930E+01  0.33847991E-17
    1002 -0.65653427E+01 -0.12503716E-16 -0.74079930E+01  0.33847991E-17
    1003 -0.65667788E+01 -0.12505292E-16 -0.74079930E+01  0.33847991E-17
    1004 -0.65680831E+01 -0.12506024E-16 -0.74079930E+01  0.33847991E-17
    1005 -0.65692399E+01 -0.12506821E-16 -0.74079930E+01  0.33847991E-17
    1006 -0.65705391E+01 -0.12507532E-16 -0.74079930E+01  0.33847991E-17
    1007 -0.65719152E+01 -0.12505193E-16 -0.74079930E+01  0.33847991E-17
    1008 -0.65733232E+01 -0.12505370E-16 -0.74079930E+01  0.33847991E-17
    1009 -0.65748256E+01 -0.12504282E-16 -0.74079930E+01  0.33847991E-17
    1010 -0.65765713E+01 -0.12507906E-16 -0.74079930E+01  0.33847991E-17
    1011 -0.65780058E+01 -0.12507526E-16 -0.74079930E+01  0.33847991E-17
    1012 -0.65797586E+01 -0.12511133E-16 -0.74079930E+01  0.33847991E-17
    1013 -0.65814384E+01 -0.12514471E-16 -0.74079930E+01  0.33847991E-17
    1014 -0.65831107E+01 -0.12517372E-16 -0.74079930E+01  0.33847991E-17
    1015 -0.65848838E+01 -0.12522219E-16 -0.74079930E+01  0.33847991E-17
    1016 -0.65863059E+01 -0.12523853E-16 -0.74079930E+01  0.33847991E-17
    1017 -0.65876456E+01 -0.12524757E-16 -0.74079930E+01  0.33847991E-17
    1018 -0.65894107E+01 -0.12527354E-16 -0.74079930E+01  0.33847991E-17
    1019 -0.65913715E+01 -0.12534113E-16 -0.74079930E+01  0.33847991E-17
    1020 -0.65934243E+01 -0.12539290E-16 -0.74079930E+01  0.33847991E-17
    1021 -0.65956042E+01 -0.12546396E-16 -0.74079930E+01  0.33847991E-17
    1022 -0.65972553E+01 -0.12548977E-16 -0.74079930E+01  0.33847991E-17
    1023 -0.65997477E+01 -0.12551863E-16 -0.74079930E+01  0.33847991E-17
    1024 -0.66016583E+01 -0.12554654E-16 -0.74079930E+01  0.33847991E-17
    1025 -0.66031364E+01 -0.12557088E-16 -0.74079930E+01  0.33847991E-17
    1026 -0.66048073E+01 -0.12559091E-16 -0.74079930E+01  0.33847991E-17
    1027 -0.66061813E+01 -0.12561261E-16 -0.74079930E+01  0.33847991E-17
    1028 -0.66075436E+01 -0.12564126E-16 -0.74079930E+01  0.33847991E-17
    1029 -0.66088861E+01 -0.12565016E-16 -0.74079930E+01  0.33847991E-17
    1030 -0.66104637E+01 -0.12566476E-16 -0.74079930E+01  0.33847991E-17
    1031 -0.66116400E+01 -0.12568266E-16 -0.74079930E+01  0.33847991E-17
    1032 -0.66130668E+01 -0.12570482E-16 -0.74079930E+01  0.33847991E-17
    1033 -0.66147371E+01 -0.12572425E-16 -0.74079930E+01  0.33847991E-17
    1034 -0.66164195E+01 -0.12573050E-16 -0.74079930E+01  0.33847991E-17
    1035 -0.66179209E+01 -0.12573770E-16 -0.74079930E+01  0.33847991E-17
    1036 -0.66194519E+01 -0.12574971E-16 -0.74079930E+01  0.33847991E-17
    1037 -0.66208338E+01 -0.12575478E-16 -0.74079930E+01  0.33847991E-17
    1038 -0.66222223E+01 -0.12576258E-16 -0.74079930E+01  0.33847991E-17
    1039 -0.66237358E+01 -0.12578712E-16 -0.74079930E+01  0.33847991E-17
    1040 -0.66254025E+01 -0.12580974E-16 -0.74079930E+01  0.33847991E-17
    1041 -0.66269649E+01 -0.12580945E-16 -0.74079930E+01  0.33847991E-17
    1042 -0.66281186E+01 -0.12580770E-16 -0.74079930E+01  0.33847991E-17
    1043 -0.66293662E+01 -0.12580602E-16 -0.74079930E+01  0.33847991E-17
    1044 -0.66304131E+01 -0.12580333E-16 -0.74079930E+01  0.33847991E-17
    1045 -0.66315624E+01 -0.12580583E-16 -0.74079930E+01  0.33847991E-17
    1046 -0.66327202E+01 -0.12581265E-16 -0.74079930E+01  0.33847991E-17
    1047 -0.66339025E+01 -0.12581190E-16 -0.74079930E+01  0.33847991E-17
    1048 -0.66352668E+01 -0.12580182E-16 -0.74079930E+01  0.33847991E-17
    1049 -0.66366001E+01 -0.12579852E-16 -0.74079930E+01  0.33847991E-17
    1050 -0.66378572E+01 -0.12579751E-16 -0.74079930E+01  0.33847991E-17
    1051 -0.66392638E+01 -0.12579220E-16 -0.74079930E+01  0.33847991E-17
    1052 -0.66405321E+01 -0.12578447E-16 -0.74079930E+01  0.33847991E-17
    1053 -0.66423326E+01 -0.12581050E-16 -0.74079930E+01  0.33847991E-17
    1054 -0.66436330E+01 -0.12580594E-16 -0.74079930E+01  0.33847991E-17
    1055 -0.66452962E+01 -0.12581291E-16 -0.74079930E+01  0.33847991E-17
    1056 -0.66470144E+01 -0.12582379E-16 -0.74079930E+01  0.33847991E-17
    1057 -0.66482726E+01 -0.12582406E-16 -0.74079930E+01  0.33847991E-17
    1058 -0.66496778E+01 -0.12581378E-16 -0.74079930E+01  0.33847991E-17
    1059 -0.66509374E+01 -0.12580525E-16 -0.74079930E+01  0.33847991E-17
    1060 -0.66520977E+01 -0.12580442E-16 -0.74079930E+01  0.33847991E-17
    1061 -0.66533096E+01 -0.12581384E-16 -0.74079930E+01  0.33847991E-17
    1062 -0.66544221E+01 -0.12581573E-16 -0.74079930E+01  0.33847991E-17
    1063 -0.66557022E+01 -0.12582197E-16 -0.74079930E+01  0.33847991E-17
    1064 -0.66570828E+01 -0.12583015E-16 -0.74079930E+01  0.33847991E-17
    1065 -0.66585508E+01 -0.12584469E-16 -0.74079930E+01  0.33847991E-17
    1066 -0.66599291E+01 -0.12584887E-16 -0.74079930E+01  0.33847991E-17
    1067 -0.66615198E+01 -0.12585419E-16 -0.74079930E+01  0.33847991E-17
    1068 -0.66632832E+01 -0.12583100E-16 -0.74079930E+01  0.33847991E-17
    1069 -0.66650933E+01 -0.12580251E-16 -0.74079930E+01  0.33847991E-17
    1070 -0.66669063E+01 -0.12576567E-16 -0.74079930E+01  0.33847991E-17
    1071 -0.66687653E+01 -0.12571902E-16 -0.74079930E+01  0.33847991E-17
    1072 -0.66704637E+01 -0.12568079E-16 -0.74079930E+01  0.33847991E-17
    1073 -0.66720286E+01 -0.12567324E-16 -0.74079930E+01  0.33847991E-17
    1074 -0.66733490E+01 -0.12566857E-16 -0.74079930E+01  0.33847991E-17
    1075 -0.66747784E+01 -0.12566883E-16 -0.74079930E+01  0.33847991E-17
    1076 -0.66762356E+01 -0.12567657E-16 -0.74079930E+01  0.33847991E-17
    1077 -0.66776461E+01 -0.12567972E-16 -0.74079930E+01  0.33847991E-17
    1078 -0.66789370E+01 -0.12568375E-16 -0.74079930E+01  0.33847991E-17
    1079 -0.66800138E+01 -0.12568760E-16 -0.74079930E+01  0.33847991E-17
    1080 -0.66810981E+01 -0.12568994E-16 -0.74079930E+01  0.33847991E-17
    1081 -0.66821137E+01 -0.12568233E-16 -0.74079930E+01  0.33847991E-17
    1082 -0.66832377E+01 -0.12568040E-16 -0.74079930E+01  0.33847991E-17
    1083 -0.66843515E+01 -0.12568579E-16 -0.74079930E+01  0.33847991E-17
    1084 -0.66855057E+01 -0.12568804E-16 -0.74079930E+01  0.33847991E-17
    1085 -0.66864606E+01 -0.12568744E-16 -0.74079930E+01  0.33847991E-17
    1086 -0.66878077E+01 -0.12567054E-16 -0.74079930E+01  0.33847991E-17
    1087 -0.66891989E+01 -0.12567341E-16 -0.74079930E+01  0.33847991E-17
    1088 -0.66906090E+01 -0.12567363E-16 -0.74079930E+01  0.33847991E-17
    1089 -0.66920444E+01 -0.12567836E-16 -0.74079930E+01  0.33847991E-17
    1090 -0.66932917E+01 -0.12568597E-16 -0.74079930E+01  0.33847991E-17
    1091 -0.66944827E+01 -0.12569436E-16 -0.74079930E+01  0.33847991E-17
    1092 -0.66958391E+01 -0.12571914E-16 -0.74079930E+01  0.33847991E-17
    1093 -0.66968465E+01 -0.12572649E-16 -0.74079930E+01  0.33847991E-17
    1094 -0.66980380E+01 -0.12573897E-16 -0.74079930E+01  0.33847991E-17
    1095 -0.66991060E+01 -0.12575677E-16 -0.74079930E+01  0.33847991E-17
    1096 -0.67001800E+01 -0.12576915E-16 -0.74079930E+01  0.33847991E-17
    1097 -0.67012404E+01 -0.12577940E-16 -0.74079930E+01  0.33847991E-17
    1098 -0.67024696E+01 -0.12580242E-16 -0.74079930E+01  0.33847991E-17
    1099 -0.67035915E+01 -0.12580700E-16 -0.74079930E+01  0.33847991E-17
    1100 -0.67047598E+01 -0.12582446E-16 -0.74079930E+01  0.33847991E-17
    1101 -0.67057185E+01 -0.12583614E-16 -0.74079930E+01  0.33847991E-17
    1102 -0.67073902E+01 -0.12584044E-16 -0.74079930E+01  0.33847991E-17
    1103 -0.67086834E+01 -0.12586583E-16 -0.74079930E+01  0.33847991E-17
    1104 -0.67098794E+01 -0.12588285E-16 -0.74079930E+01  0.33847991E-17
    1105 -0.67109453E+01 -0.12590123E-16 -0.74079930E+01  0.33847991E-17
    1106 -0.67123545E+01 -0.12590222E-16 -0.74079930E+01  0.33847991E-17
    1107 -0.67136890E+01 -0.12590898E-16 -0.74079930E+01  0.33847991E-17
    1108 -0.67149401E+01 -0.12592675E-16 -0.74079930E+01  0.33847991E-17
    1109 -0.67160533E+01 -0.12593827E-16 -0.74079930E+01  0.33847991E-17
    1110 -0.67174998E+01 -0.12594872E-16 -0.74079930E+01  0.33847991E-17
    1111 -0.67189500E+01 -0.12595835E-16 -0.74079930E+01  0.33847991E-17
    1112 -0.67202881E+01 -0.12597210E-16 -0.74079930E+01  0.33847991E-17
    1113 -0.67215046E+01 -0.12598851E-16 -0.74079930E+01  0.33847991E-17
    1114 -0.67225807E+01 -0.12600419E-16 -0.74079930E+01  0.33847991E-17
    1115 -0.67238344E+01 -0.12602061E-16 -0.74079930E+01  0.33847991E-17
    1116 -0.67248639E+01 -0.12602841E-16 -0.74079930E+01  0.33847991E-17
    1117 -0.67260898E+01 -0.12603259E-16 -0.74079930E+01  0.33847991E-17
    1118 -0.67272031E+01 -0.12604146E-16 -0.74079930E+01  0.33847991E-17
    1119 -0.67283212E+01 -0.12605043E-16 -0.74079930E+01  0.33847991E-17
    1120 -0.67293879E+01 -0.12605795E-16 -0.74079930E+01  0.33847991E-17
    1121 -0.67303097E+01 -0.12607008E-16 -0.74079930E+01  0.33847991E-17
    1122 -0.67313008E+01 -0.12607439E-16 -0.74079930E+01  0.33847991E-17
    1123 -0.67323993E+01 -0.12607533E-16 -0.74079930E+01  0.33847991E-17
    1124 -0.67336646E+01 -0.12609033E-16 -0.74079930E+01  0.33847991E-17
    1125 -0.67349781E+01 -0.12609375E-16 -0.74079930E+01  0.33847991E-17
    1126 -0.67363015E+01 -0.12609927E-16 -0.74079930E+01  0.33847991E-17
    1127 -0.67373423E+01 -0.12609621E-16 -0.74079930E+01  0.33847991E-17
    1128 -0.67384250E+01 -0.12610165E-16 -0.74079930E+01  0.33847991E-17
    1129 -0.67395204E+01 -0.12610227E-16 -0.74079930E+01  0.33847991E-17
    1130 -0.67404725E+01 -0.12610641E-16 -0.74079930E+01  0.33847991E-17
    1131 -0.67415333E+01 -0.12611128E-16 -0.74079930E+01  0.33847991E-17
    1132 -0.67425880E+01 -0.12611265E-16 -0.74079930E+01  0.33847991E-17
    1133 -0.67435643E+01 -0.12611492E-16 -0.74079930E+01  0.33847991E-17
    1134 -0.67445318E+01 -0.12611447E-16 -0.74079930E+01  0.33847991E-17
    1135 -0.67455804E+01 -0.12610904E-16 -0.74079930E+01  0.33847991E-17
    1136 -0.67466898E+01 -0.12611073E-16 -0.74079930E+01  0.33847991E-17
    1137 -0.67477887E+01 -0.12611897E-16 -0.74079930E+01  0.33847991E-17
    1138 -0.67488252E+01 -0.12612080E-16 -0.74079930E+01  0.33847991E-17
    1139 -0.67499961E+01 -0.12611506E-16 -0.74079930E+01  0.33847991E-17
    1140 -0.67513056E+01 -0.12611115E-16 -0.74079930E+01  0.33847991E-17
    1141 -0.67525080E+01 -0.12611002E-16 -0.74079930E+01  0.33847991E-17
    1142 -0.67536999E+01 -0.12610150E-16 -0.74079930E+01  0.33847991E-17
    1143 -0.67548538E+01 -0.12608230E-16 -0.74079930E+01  0.33847991E-17
    1144 -0.67559032E+01 -0.12608025E-16 -0.74079930E+01  0.33847991E-17
    1145 -0.67569049E+01 -0.12608248E-16 -0.74079930E+01  0.33847991E-17
    1146 -0.67579520E+01 -0.12607957E-16 -0.74079930E+01  0.33847991E-17
    1147 -0.67590125E+01 -0.12607790E-16 -0.74079930E+01  0.33847991E-17
    1148 -0.67599977E+01 -0.12608249E-16 -0.74079930E+01  0.33847991E-17
    1149 -0.67609717E+01 -0.12608009E-16 -0.74079930E+01  0.33847991E-17
    1150 -0.67619753E+01 -0.12607758E-16 -0.74079930E+01  0.33847991E-17
    1151 -0.67630251E+01 -0.12607373E-16 -0.74079930E+01  0.33847991E-17
    1152 -0.67640549E+01 -0.12606918E-16 -0.74079930E+01  0.33847991E-17
    1153 -0.67651163E+01 -0.12605778E-16 -0.74079930E+01  0.33847991E-17
    1154 -0.67662104E+01 -0.12605284E-16 -0.74079930E+01  0.33847991E-17
    1155 -0.67672885E+01 -0.12604598E-16 -0.74079930E+01  0.33847991E-17
    1156 -0.67682735E+01 -0.12603987E-16 -0.74079930E+01  0.33847991E-17
    1157 -0.67693277E+01 -0.12604255E-16 -0.74079930E+01  0.33847991E-17
    1158 -0.67704131E+01 -0.12603316E-16 -0.74079930E+01  0.33847991E-17
    1159 -0.67714572E+01 -0.12602684E-16 -0.74079930E+01  0.33847991E-17
    1160 -0.67725658E+01 -0.12602943E-16 -0.74079930E+01  0.33847991E-17
    1161 -0.67739514E+01 -0.12601726E-16 -0.74079930E+01  0.33847991E-17
    1162 -0.67752651E+01 -0.12602834E-16 -0.74079930E+01  0.33847991E-17
    1163 -0.67762379E+01 -0.12602458E-16 -0.74079930E+01  0.33847991E-17
    1164 -0.67771242E+01 -0.12602006E-16 -0.74079930E+01  0.33847991E-17
    1165 -0.67780199E+01 -0.12602497E-16 -0.74079930E+01  0.33847991E-17
    1166 -0.67790075E+01 -0.12602880E-16 -0.74079930E+01  0.33847991E-17
    1167 -0.67800428E+01 -0.12603188E-16 -0.74079930E+01  0.33847991E-17
    1168 -0.67813534E+01 -0.12602687E-16 -0.74079930E+01  0.33847991E-17
    1169 -0.67825744E+01 -0.12600748E-16 -0.74079930E+01  0.33847991E-17
    1170 -0.67837145E+01 -0.12600399E-16 -0.74079930E+01  0.33847991E-17
    1171 -0.67848572E+01 -0.12601686E-16 -0.74079930E+01  0.33847991E-17
    1172 -0.67862290E+01 -0.12600772E-16 -0.74079930E+01  0.33847991E-17
    1173 -0.67873934E+01 -0.12599916E-16 -0.74079930E+01  0.33847991E-17
    1174 -0.67890338E+01 -0.12602706E-16 -0.74079930E+01  0.33847991E-17
    1175 -0.67902443E+01 -0.12602422E-16 -0.74079930E+01  0.33847991E-17
    1176 -0.67913692E+01 -0.12602479E-16 -0.74079930E+01  0.33847991E-17
    1177 -0.67925754E+01 -0.12603616E-16 -0.74079930E+01  0.33847991E-17
    1178 -0.67934928E+01 -0.12604286E-16 -0.74079930E+01  0.33847991E-17
    1179 -0.67944795E+01 -0.12605340E-16 -0.74079930E+01  0.33847991E-17
    1180 -0.67953783E+01 -0.12606038E-16 -0.74079930E+01  0.33847991E-17
    1181 -0.67964353E+01 -0.12607527E-16 -0.74079930E+01  0.33847991E-17
    1182 -0.67974039E+01 -0.12608548E-16 -0.74079930E+01  0.33847991E-17
    1183 -0.67983404E+01 -0.12609557E-16 -0.74079930E+01  0.33847991E-17
    1184 -0.67996741E+01 -0.12608001E-16 -0.74079930E+01  0.33847991E-17
    1185 -0.68010387E+01 -0.12607676E-16 -0.74079930E+01  0.33847991E-17
    1186 -0.68020268E+01 -0.12606683E-16 -0.74079930E+01  0.33847991E-17
    1187 -0.68029388E+01 -0.12607631E-16 -0.74079930E+01  0.33847991E-17
    1188 -0.68040695E+01 -0.12608479E-16 -0.74079930E+01  0.33847991E-17
    1189 -0.68050776E+01 -0.12609088E-16 -0.74079930E+01  0.33847991E-17
    1190 -0.68059875E+01 -0.12609723E-16 -0.74079930E+01  0.33847991E-17
    1191 -0.68071506E+01 -0.12609013E-16 -0.74079930E+01  0.33847991E-17
    1192 -0.68082923E+01 -0.12608878E-16 -0.74079930E+01  0.33847991E-17
    1193 -0.68093389E+01 -0.12609110E-16 -0.74079930E+01  0.33847991E-17
    1194 -0.68104024E+01 -0.12609922E-16 -0.74079930E+01  0.33847991E-17
    1195 -0.68115073E+01 -0.12611140E-16 -0.74079930E+01  0.33847991E-17
    1196 -0.68125440E+01 -0.12612104E-16 -0.74079930E+01  0.33847991E-17
    1197 -0.68136706E+01 -0.12613502E-16 -0.74079930E+01  0.33847991E-17
    1198 -0.68148388E+01 -0.12613891E-16 -0.74079930E+01  0.33847991E-17
    1199 -0.68159903E+01 -0.12614729E-16 -0.74079930E+01  0.33847991E-17
    1200 -0.68169187E+01 -0.12614279E-16 -0.74079930E+01  0.33847991E-17
    1201 -0.68179562E+01 -0.12613144E-16 -0.74079930E+01  0.33847991E-17
    1202 -0.68190205E+01 -0.12613203E-16 -0.74079930E+01  0.33847991E-17
    1203 -0.68200456E+01 -0.12613029E-16 -0.74079930E+01  0.33847991E-17
    1204 -0.68211134E+01 -0.12613345E-16 -0.74079930E+01  0.33847991E-17
    1205 -0.68220262E+01 -0.12613578E-16 -0.74079930E+01  0.33847991E-17
    1206 -0.68229951E+01 -0.12614434E-16 -0.74079930E+01  0.33847991E-17
    1207 -0.68239812E+01 -0.12614949E-16 -0.74079930E+01  0.33847991E-17
    1208 -0.68249042E+01 -0.12615793E-16 -0.74079930E+01  0.33847991E-17
    1209 -0.68257756E+01 -0.12616061E-16 -0.74079930E+01  0.33847991E-17
    1210 -0.68267123E+01 -0.12616067E-16 -0.74079930E+01  0.33847991E-17
    1211 -0.68275934E+01 -0.12615993E-16 -0.74079930E+01  0.33847991E-17
    1212 -0.68286128E+01 -0.12615489E-16 -0.74079930E+01  0.33847991E-17
    1213 -0.68294603E+01 -0.12615681E-16 -0.74079930E+01  0.33847991E-17
    1214 -0.68304138E+01 -0.12615671E-16 -0.74079930E+01  0.33847991E-17
    1215 -0.68313132E+01 -0.12615736E-16 -0.74079930E+01  0.33847991E-17
    1216 -0.68324180E+01 -0.12616627E-16 -0.74079930E+01  0.33847991E-17
    1217 -0.68334452E+01 -0.12617639E-16 -0.74079930E+01  0.33847991E-17
    1218 -0.68343167E+01 -0.12617769E-16 -0.74079930E+01  0.33847991E-17
    1219 -0.68352302E+01 -0.12617512E-16 -0.74079930E+01  0.33847991E-17
    1220 -0.68362433E+01 -0.12617544E-16 -0.74079930E+01  0.33847991E-17
    1221 -0.68371857E+01 -0.12617085E-16 -0.74079930E+01  0.33847991E-17
    1222 -0.68383651E+01 -0.12616561E-16 -0.74079930E+01  0.33847991E-17
    1223 -0.68394207E+01 -0.12616709E-16 -0.74079930E+01  0.33847991E-17
    1224 -0.68404272E+01 -0.12616600E-16 -0.74079930E+01  0.33847991E-17
    1225 -0.68414103E+01 -0.12617017E-16 -0.74079930E+01  0.33847991E-17
    1226 -0.68425682E+01 -0.12616783E-16 -0.74079930E+01  0.33847991E-17
    1227 -0.68438349E+01 -0.12617515E-16 -0.74079930E+01  0.33847991E-17
    1228 -0.68450430E+01 -0.12618349E-16 -0.74079930E+01  0.33847991E-17
    1229 -0.68462942E+01 -0.12617524E-16 -0.74079930E+01  0.33847991E-17
    1230 -0.68474223E+01 -0.12617263E-16 -0.74079930E+01  0.33847991E-17
    1231 -0.68485226E+01 -0.12618847E-16 -0.74079930E+01  0.33847991E-17
    1232 -0.68495447E+01 -0.12619246E-16 -0.74079930E+01  0.33847991E-17
    1233 -0.68505699E+01 -0.12619799E-16 -0.74079930E+01  0.33847991E-17
    1234 -0.68515546E+01 -0.12620088E-16 -0.74079930E+01  0.33847991E-17
    1235 -0.68525358E+01 -0.12620104E-16 -0.74079930E+01  0.33847991E-17
    1236 -0.68535854E+01 -0.12619785E-16 -0.74079930E+01  0.33847991E-17
    1237 -0.68547757E+01 -0.12620160E-16 -0.74079930E+01  0.33847991E-17
    1238 -0.68559309E+01 -0.12620006E-16 -0.74079930E+01  0.33847991E-17
    1239 -0.68570055E+01 -0.12619486E-16 -0.74079930E+01  0.33847991E-17
    1240 -0.68579422E+01 -0.12619746E-16 -0.74079930E+01  0.33847991E-17
    1241 -0.68590002E+01 -0.12619603E-16 -0.74079930E+01  0.33847991E-17
    1242 -0.68600023E+01 -0.12620104E-16 -0.74079930E+01  0.33847991E-17
    1243 -0.68609534E+01 -0.12619839E-16 -0.74079930E+01  0.33847991E-17
    1244 -0.68618689E+01 -0.12619389E-16 -0.74079930E+01  0.33847991E-17
    1245 -0.68628080E+01 -0.12619684E-16 -0.74079930E+01  0.33847991E-17
    1246 -0.68638096E+01 -0.12619310E-16 -0.74079930E+01  0.33847991E-17
    1247 -0.68646988E+01 -0.12619038E-16 -0.74079930E+01  0.33847991E-17
    1248 -0.68657510E+01 -0.12618889E-16 -0.74079930E+01  0.33847991E-17
    1249 -0.68668216E+01 -0.12618549E-16 -0.74079930E+01  0.33847991E-17
    1250 -0.68677826E+01 -0.12618611E-16 -0.74079930E+01  0.33847991E-17
    1251 -0.68688341E+01 -0.12618640E-16 -0.74079930E+01  0.33847991E-17
    1252 -0.68697981E+01 -0.12619166E-16 -0.74079930E+01  0.33847991E-17
    1253 -0.68706860E+01 -0.12619309E-16 -0.74079930E+01  0.33847991E-17
    1254 -0.68715980E+01 -0.12619276E-16 -0.74079930E+01  0.33847991E-17
    1255 -0.68724472E+01 -0.12619091E-16 -0.74079930E+01  0.33847991E-17
    1256 -0.68734615E+01 -0.12619092E-16 -0.74079930E+01  0.33847991E-17
    1257 -0.68743843E+01 -0.12619329E-16 -0.74079930E+01  0.33847991E-17
    1258 -0.68753348E+01 -0.12618832E-16 -0.74079930E+01  0.33847991E-17
    1259 -0.68762360E+01 -0.12619291E-16 -0.74079930E+01  0.33847991E-17
    1260 -0.68772711E+01 -0.12619218E-16 -0.74079930E+01  0.33847991E-17
    1261 -0.68782271E+01 -0.12619305E-16 -0.74079930E+01  0.33847991E-17
    1262 -0.68792522E+01 -0.12619376E-16 -0.74079930E+01  0.33847991E-17
    1263 -0.68802348E+01 -0.12619443E-16 -0.74079930E+01  0.33847991E-17
    1264 -0.68814145E+01 -0.12620431E-16 -0.74079930E+01  0.33847991E-17
    1265 -0.68826760E+01 -0.12620678E-16 -0.74079930E+01  0.33847991E-17
    1266 -0.68838122E+01 -0.12621396E-16 -0.74079930E+01  0.33847991E-17
    1267 -0.68848335E+01 -0.12621095E-16 -0.74079930E+01  0.33847991E-17
    1268 -0.68857604E+01 -0.12621134E-16 -0.74079930E+01  0.33847991E-17
    1269 -0.68866622E+01 -0.12621142E-16 -0.74079930E+01  0.33847991E-17
    1270 -0.68875877E+01 -0.12620801E-16 -0.74079930E+01  0.33847991E-17
    1271 -0.68884811E+01 -0.12620738E-16 -0.74079930E+01  0.33847991E-17
    1272 -0.68895323E+01 -0.12620608E-16 -0.74079930E+01  0.33847991E-17
    1273 -0.68904586E+01 -0.12621184E-16 -0.74079930E+01  0.33847991E-17
    1274 -0.68915266E+01 -0.12620944E-16 -0.74079930E+01  0.33847991E-17
    1275 -0.68924987E+01 -0.12621222E-16 -0.74079930E+01  0.33847991E-17
    1276 -0.68936065E+01 -0.12620509E-16 -0.74079930E+01  0.33847991E-17
    1277 -0.68946144E+01 -0.12619897E-16 -0.74079930E+01  0.33847991E-17
    1278 -0.68956182E+01 -0.12619911E-16 -0.74079930E+01  0.33847991E-17
    1279 -0.68966602E+01 -0.12619882E-16 -0.74079930E+01  0.33847991E-17
    1280 -0.68975775E+01 -0.12619596E-16 -0.74079930E+01  0.33847991E-17
    1281 -0.68985653E+01 -0.12619431E-16 -0.74079930E+01  0.33847991E-17
    1282 -0.68995377E+01 -0.12619753E-16 -0.74079930E+01  0.33847991E-17
    1283 -0.69005052E+01 -0.12620256E-16 -0.74079930E+01  0.33847991E-17
    1284 -0.69014697E+01 -0.12620410E-16 -0.74079930E+01  0.33847991E-17
    1285 -0.69025863E+01 -0.12621573E-16 -0.74079930E+01  0.33847991E-17
    1286 -0.69036253E+01 -0.12622645E-16 -0.74079930E+01  0.33847991E-17
    1287 -0.69046445E+01 -0.12623004E-16 -0.74079930E+01  0.33847991E-17
    1288 -0.69056330E+01 -0.12623750E-16 -0.74079930E+01  0.33847991E-17
    1289 -0.69065764E+01 -0.12623892E-16 -0.74079930E+01  0.33847991E-17
    1290 -0.69075564E+01 -0.12623479E-16 -0.74079930E+01  0.33847991E-17
    1291 -0.69084484E+01 -0.12623525E-16 -0.74079930E+01  0.33847991E-17
    1292 -0.69092784E+01 -0.12623340E-16 -0.74079930E+01  0.33847991E-17
    1293 -0.69101881E+01 -0.12623724E-16 -0.74079930E+01  0.33847991E-17
    1294 -0.69109725E+01 -0.12623878E-16 -0.74079930E+01  0.33847991E-17
    1295 -0.69118528E+01 -0.12623768E-16 -0.74079930E+01  0.33847991E-17
    1296 -0.69127102E+01 -0.12623676E-16 -0.74079930E+01  0.33847991E-17
    1297 -0.69136746E+01 -0.12625580E-16 -0.74079930E+01  0.33847991E-17
    1298 -0.69146194E+01 -0.12626510E-16 -0.74079930E+01  0.33847991E-17
    1299 -0.69156672E+01 -0.12628180E-16 -0.74079930E+01  0.33847991E-17
    1300 -0.69165445E+01 -0.12628538E-16 -0.74079930E+01  0.33847991E-17
    1301 -0.69174540E+01 -0.12628144E-16 -0.74079930E+01  0.33847991E-17
    1302 -0.69182664E+01 -0.12628254E-16 -0.74079930E+01  0.33847991E-17
    1303 -0.69190416E+01 -0.12628228E-16 -0.74079930E+01  0.33847991E-17
    1304 -0.69199770E+01 -0.12628153E-16 -0.74079930E+01  0.33847991E-17
    1305 -0.69208730E+01 -0.12627896E-16 -0.74079930E+01  0.33847991E-17
    1306 -0.69217789E+01 -0.12627659E-16 -0.74079930E+01  0.33847991E-17
    1307 -0.69227111E+01 -0.12626527E-16 -0.74079930E+01  0.33847991E-17
    1308 -0.69236685E+01 -0.12626651E-16 -0.74079930E+01  0.33847991E-17
    1309 -0.69244293E+01 -0.12627044E-16 -0.74079930E+01  0.33847991E-17
    1310 -0.69253296E+01 -0.12626753E-16 -0.74079930E+01  0.33847991E-17
    1311 -0.69261808E+01 -0.12626945E-16 -0.74079930E+01  0.33847991E-17
    1312 -0.69269499E+01 -0.12626848E-16 -0.74079930E+01  0.33847991E-17
    1313 -0.69278001E+01 -0.12626909E-16 -0.74079930E+01  0.33847991E-17
    1314 -0.69287122E+01 -0.12626724E-16 -0.74079930E+01  0.33847991E-17
    1315 -0.69296791E+01 -0.12627438E-16 -0.74079930E+01  0.33847991E-17
    1316 -0.69305431E+01 -0.12627876E-16 -0.74079930E+01  0.33847991E-17
    1317 -0.69314462E+01 -0.12627843E-16 -0.74079930E+01  0.33847991E-17
    1318 -0.69323451E+01 -0.12628007E-16 -0.74079930E+01  0.33847991E-17
    1319 -0.69331856E+01 -0.12628203E-16 -0.74079930E+01  0.33847991E-17
    1320 -0.69339739E+01 -0.12628637E-16 -0.74079930E+01  0.33847991E-17
    1321 -0.69347961E+01 -0.12629213E-16 -0.74079930E+01  0.33847991E-17
    1322 -0.69355732E+01 -0.12629328E-16 -0.74079930E+01  0.33847991E-17
    1323 -0.69364284E+01 -0.12630189E-16 -0.74079930E+01  0.33847991E-17
    1324 -0.69373479E+01 -0.12630539E-16 -0.74079930E+01  0.33847991E-17
    1325 -0.69382375E+01 -0.12631751E-16 -0.74079930E+01  0.33847991E-17
    1326 -0.69390818E+01 -0.12631640E-16 -0.74079930E+01  0.33847991E-17
    1327 -0.69399320E+01 -0.12632287E-16 -0.74079930E+01  0.33847991E-17
    1328 -0.69406665E+01 -0.12632571E-16 -0.74079930E+01  0.33847991E-17
    1329 -0.69413732E+01 -0.12632807E-16 -0.74079930E+01  0.33847991E-17
    1330 -0.69420984E+01 -0.12632914E-16 -0.74079930E+01  0.33847991E-17
    1331 -0.69428783E+01 -0.12633045E-16 -0.74079930E+01  0.33847991E-17
    1332 -0.69436109E+01 -0.12633480E-16 -0.74079930E+01  0.33847991E-17
    1333 -0.69443721E+01 -0.12633586E-16 -0.74079930E+01  0.33847991E-17
    1334 -0.69452752E+01 -0.12634120E-16 -0.74079930E+01  0.33847991E-17
    1335 -0.69460412E+01 -0.12634470E-16 -0.74079930E+01  0.33847991E-17
    1336 -0.69468801E+01 -0.12634497E-16 -0.74079930E+01  0.33847991E-17
    1337 -0.69475387E+01 -0.12634769E-16 -0.74079930E+01  0.33847991E-17
    1338 -0.69483645E+01 -0.12634933E-16 -0.74079930E+01  0.33847991E-17
    1339 -0.69490618E+01 -0.12635491E-16 -0.74079930E+01  0.33847991E-17
    1340 -0.69499254E+01 -0.12635889E-16 -0.74079930E+01  0.33847991E-17
    1341 -0.69507571E+01 -0.12636276E-16 -0.74079930E+01  0.33847991E-17
    1342 -0.69514812E+01 -0.12636704E-16 -0.74079930E+01  0.33847991E-17
    1343 -0.69521285E+01 -0.12636990E-16 -0.74079930E+01  0.33847991E-17
    1344 -0.69528334E+01 -0.12637121E-16 -0.74079930E+01  0.33847991E-17
    1345 -0.69535508E+01 -0.12637121E-16 -0.74079930E+01  0.33847991E-17
    1346 -0.69542294E+01 -0.12637016E-16 -0.74079930E+01  0.33847991E-17
    1347 -0.69549130E+01 -0.12636854E-16 -0.74079930E+01  0.33847991E-17
    1348 -0.69555750E+01 -0.12636982E-16 -0.74079930E+01  0.33847991E-17
    1349 -0.69562047E+01 -0.12637165E-16 -0.74079930E+01  0.33847991E-17
    1350 -0.69569384E+01 -0.12637479E-16 -0.74079930E+01  0.33847991E-17
    1351 -0.69577187E+01 -0.12637803E-16 -0.74079930E+01  0.33847991E-17
    1352 -0.69584712E+01 -0.12638244E-16 -0.74079930E+01  0.33847991E-17
    1353 -0.69592190E+01 -0.12638228E-16 -0.74079930E+01  0.33847991E-17
    1354 -0.69598946E+01 -0.12638346E-16 -0.74079930E+01  0.33847991E-17
    1355 -0.69604954E+01 -0.12638467E-16 -0.74079930E+01  0.33847991E-17
    1356 -0.69611370E+01 -0.12638619E-16 -0.74079930E+01  0.33847991E-17
    1357 -0.69618029E+01 -0.12638569E-16 -0.74079930E+01  0.33847991E-17
    1358 -0.69624283E+01 -0.12638581E-16 -0.74079930E+01  0.33847991E-17
    1359 -0.69630596E+01 -0.12638800E-16 -0.74079930E+01  0.33847991E-17
    1360 -0.69637327E+01 -0.12639264E-16 -0.74079930E+01  0.33847991E-17
    1361 -0.69643438E+01 -0.12639706E-16 -0.74079930E+01  0.33847991E-17
    1362 -0.69650725E+01 -0.12640033E-16 -0.74079930E+01  0.33847991E-17
    1363 -0.69658484E+01 -0.12640280E-16 -0.74079930E+01  0.33847991E-17
    1364 -0.69665077E+01 -0.12640619E-16 -0.74079930E+01  0.33847991E-17
    1365 -0.69672022E+01 -0.12640550E-16 -0.74079930E+01  0.33847991E-17
    1366 -0.69678699E+01 -0.12640819E-16 -0.74079930E+01  0.33847991E-17
    1367 -0.69684758E+01 -0.12641183E-16 -0.74079930E+01  0.33847991E-17
    1368 -0.69690665E+01 -0.12641215E-16 -0.74079930E+01  0.33847991E-17
    1369 -0.69697000E+01 -0.12641473E-16 -0.74079930E+01  0.33847991E-17
    1370 -0.69702994E+01 -0.12641749E-16 -0.74079930E+01  0.33847991E-17
    1371 -0.69708764E+01 -0.12641859E-16 -0.74079930E+01  0.33847991E-17
    1372 -0.69714893E+01 -0.12642075E-16 -0.74079930E+01  0.33847991E-17
    1373 -0.69721056E+01 -0.12642257E-16 -0.74079930E+01  0.33847991E-17
    1374 -0.69727816E+01 -0.12642444E-16 -0.74079930E+01  0.33847991E-17
    1375 -0.69733785E+01 -0.12642738E-16 -0.74079930E+01  0.33847991E-17
    1376 -0.69740191E+01 -0.12642916E-16 -0.74079930E+01  0.33847991E-17
    1377 -0.69746687E+01 -0.12643098E-16 -0.74079930E+01  0.33847991E-17
    1378 -0.69752939E+01 -0.12643211E-16 -0.74079930E+01  0.33847991E-17
    1379 -0.69760341E+01 -0.12643689E-16 -0.74079930E+01  0.33847991E-17
    1380 -0.69766499E+01 -0.12643783E-16 -0.74079930E+01  0.33847991E-17
    1381 -0.69772596E+01 -0.12644042E-16 -0.74079930E+01  0.33847991E-17
    1382 -0.69778307E+01 -0.12644309E-16 -0.74079930E+01  0.33847991E-17
    1383 -0.69784203E+01 -0.12644638E-16 -0.74079930E+01  0.33847991E-17
    1384 -0.69790220E+01 -0.12644960E-16 -0.74079930E+01  0.33847991E-17
    1385 -0.69796539E+01 -0.12645000E-16 -0.74079930E+01  0.33847991E-17
    1386 -0.69802772E+01 -0.12645162E-16 -0.74079930E+01  0.33847991E-17
    1387 -0.69808787E+01 -0.12645368E-16 -0.74079930E+01  0.33847991E-17
    1388 -0.69815292E+01 -0.12645530E-16 -0.74079930E+01  0.33847991E-17
    1389 -0.69821688E+01 -0.12645926E-16 -0.74079930E+01  0.33847991E-17
    1390 -0.69828512E+01 -0.12646200E-16 -0.74079930E+01  0.33847991E-17
    1391 -0.69835077E+01 -0.12646415E-16 -0.74079930E+01  0.33847991E-17
    1392 -0.69841304E+01 -0.12646491E-16 -0.74079930E+01  0.33847991E-17
    1393 -0.69847339E+01 -0.12646475E-16 -0.74079930E+01  0.33847991E-17
    1394 -0.69853791E+01 -0.12646793E-16 -0.74079930E+01  0.33847991E-17
    1395 -0.69860334E+01 -0.12646996E-16 -0.74079930E+01  0.33847991E-17
    1396 -0.69867528E+01 -0.12647189E-16 -0.74079930E+01  0.33847991E-17
    1397 -0.69874440E+01 -0.12647363E-16 -0.74079930E+01  0.33847991E-17
    1398 -0.69881093E+01 -0.12647383E-16 -0.74079930E+01  0.33847991E-17
    1399 -0.69888533E+01 -0.12647464E-16 -0.74079930E+01  0.33847991E-17
    1400 -0.69895275E+01 -0.12647614E-16 -0.74079930E+01  0.33847991E-17
    1401 -0.69902029E+01 -0.12647753E-16 -0.74079930E+01  0.33847991E-17
    1402 -0.69907911E+01 -0.12648090E-16 -0.74079930E+01  0.33847991E-17
    1403 -0.69914258E+01 -0.12648131E-16 -0.74079930E+01  0.33847991E-17
    1404 -0.69921285E+01 -0.12648741E-16 -0.74079930E+01  0.33847991E-17
    1405 -0.69927594E+01 -0.12649060E-16 -0.74079930E+01  0.33847991E-17
    1406 -0.69934132E+01 -0.12649262E-16 -0.74079930E+01  0.33847991E-17
    1407 -0.69940348E+01 -0.12649391E-16 -0.74079930E+01  0.33847991E-17
    1408 -0.69947044E+01 -0.12649581E-16 -0.74079930E+01  0.33847991E-17
    1409 -0.69953941E+01 -0.12649968E-16 -0.74079930E+01  0.33847991E-17
    1410 -0.69960113E+01 -0.12650040E-16 -0.74079930E+01  0.33847991E-17
    1411 -0.69966375E+01 -0.12650220E-16 -0.74079930E+01  0.33847991E-17
    1412 -0.69972738E+01 -0.12650415E-16 -0.74079930E+01  0.33847991E-17
    1413 -0.69979052E+01 -0.12650651E-16 -0.74079930E+01  0.33847991E-17
    1414 -0.69985141E+01 -0.12650726E-16 -0.74079930E+01  0.33847991E-17
    1415 -0.69991670E+01 -0.12650805E-16 -0.74079930E+01  0.33847991E-17
    1416 -0.69998461E+01 -0.12651159E-16 -0.74079930E+01  0.33847991E-17
    1417 -0.70004553E+01 -0.12650944E-16 -0.74079930E+01  0.33847991E-17
    1418 -0.70011793E+01 -0.12650742E-16 -0.74079930E+01  0.33847991E-17
    1419 -0.70018451E+01 -0.12650669E-16 -0.74079930E+01  0.33847991E-17
    1420 -0.70024912E+01 -0.12650589E-16 -0.74079930E+01  0.33847991E-17
    1421 -0.70031172E+01 -0.12650592E-16 -0.74079930E+01  0.33847991E-17
    1422 -0.70037002E+01 -0.12650469E-16 -0.74079930E+01  0.33847991E-17
    1423 -0.70043339E+01 -0.12649817E-16 -0.74079930E+01  0.33847991E-17
    1424 -0.70049224E+01 -0.12649627E-16 -0.74079930E+01  0.33847991E-17
    1425 -0.70055018E+01 -0.12649755E-16 -0.74079930E+01  0.33847991E-17
    1426 -0.70061108E+01 -0.12649968E-16 -0.74079930E+01  0.33847991E-17
    1427 -0.70068688E+01 -0.12649695E-16 -0.74079930E+01  0.33847991E-17
    1428 -0.70074620E+01 -0.12649777E-16 -0.74079930E+01  0.33847991E-17
    1429 -0.70080742E+01 -0.12649825E-16 -0.74079930E+01  0.33847991E-17
    1430 -0.70086747E+01 -0.12650057E-16 -0.74079930E+01  0.33847991E-17
    1431 -0.70092586E+01 -0.12649844E-16 -0.74079930E+01  0.33847991E-17
    1432 -0.70098056E+01 -0.12649867E-16 -0.74079930E+01  0.33847991E-17
    1433 -0.70103978E+01 -0.12649899E-16 -0.74079930E+01  0.33847991E-17
    1434 -0.70109743E+01 -0.12649840E-16 -0.74079930E+01  0.33847991E-17
    1435 -0.70115308E+01 -0.12649566E-16 -0.74079930E+01  0.33847991E-17
    1436 -0.70121294E+01 -0.12649510E-16 -0.74079930E+01  0.33847991E-17
    1437 -0.70127202E+01 -0.12649297E-16 -0.74079930E+01  0.33847991E-17
    1438 -0.70133466E+01 -0.12649418E-16 -0.74079930E+01  0.33847991E-17
    1439 -0.70139111E+01 -0.12649463E-16 -0.74079930E+01  0.33847991E-17
    1440 -0.70145140E+01 -0.12649761E-16 -0.74079930E+01  0.33847991E-17
    1441 -0.70151048E+01 -0.12649766E-16 -0.74079930E+01  0.33847991E-17
    1442 -0.70156777E+01 -0.12649691E-16 -0.74079930E+01  0.33847991E-17
    1443 -0.70162958E+01 -0.12649525E-16 -0.74079930E+01  0.33847991E-17
    1444 -0.70169325E+01 -0.12649415E-16 -0.74079930E+01  0.33847991E-17
    1445 -0.70175721E+01 -0.12649485E-16 -0.74079930E+01  0.33847991E-17
    1446 -0.70181399E+01 -0.12649618E-16 -0.74079930E+01  0.33847991E-17
    1447 -0.70187590E+01 -0.12649514E-16 -0.74079930E+01  0.33847991E-17
    1448 -0.70193987E+01 -0.12649240E-16 -0.74079930E+01  0.33847991E-17
    1449 -0.70199829E+01 -0.12649185E-16 -0.74079930E+01  0.33847991E-17
    1450 -0.70206006E+01 -0.12649368E-16 -0.74079930E+01  0.33847991E-17
    1451 -0.70212084E+01 -0.12649099E-16 -0.74079930E+01  0.33847991E-17
    1452 -0.70217740E+01 -0.12648926E-16 -0.74079930E+01  0.33847991E-17
    1453 -0.70223437E+01 -0.12648865E-16 -0.74079930E+01  0.33847991E-17
    1454 -0.70228783E+01 -0.12648895E-16 -0.74079930E+01  0.33847991E-17
    1455 -0.70234270E+01 -0.12648775E-16 -0.74079930E+01  0.33847991E-17
    1456 -0.70240150E+01 -0.12648631E-16 -0.74079930E+01  0.33847991E-17
    1457 -0.70245744E+01 -0.12648665E-16 -0.74079930E+01  0.33847991E-17
    1458 -0.70251507E+01 -0.12648547E-16 -0.74079930E+01  0.33847991E-17
    1459 -0.70257065E+01 -0.12648639E-16 -0.74079930E+01  0.33847991E-17
    1460 -0.70263214E+01 -0.12648707E-16 -0.74079930E+01  0.33847991E-17
    1461 -0.70268940E+01 -0.12648643E-16 -0.74079930E+01  0.33847991E-17
    1462 -0.70274697E+01 -0.12648439E-16 -0.74079930E+01  0.33847991E-17
    1463 -0.70280568E+01 -0.12648352E-16 -0.74079930E+01  0.33847991E-17
    1464 -0.70286259E+01 -0.12648319E-16 -0.74079930E+01  0.33847991E-17
    1465 -0.70292187E+01 -0.12648362E-16 -0.74079930E+01  0.33847991E-17
    1466 -0.70298139E+01 -0.12648227E-16 -0.74079930E+01  0.33847991E-17
    1467 -0.70304150E+01 -0.12647853E-16 -0.74079930E+01  0.33847991E-17
    1468 -0.70310097E+01 -0.12647750E-16 -0.74079930E+01  0.33847991E-17
    1469 -0.70315972E+01 -0.12647651E-16 -0.74079930E+01  0.33847991E-17
    1470 -0.70321787E+01 -0.12647596E-16 -0.74079930E+01  0.33847991E-17
    1471 -0.70327684E+01 -0.12647837E-16 -0.74079930E+01  0.33847991E-17
    1472 -0.70333807E+01 -0.12647807E-16 -0.74079930E+01  0.33847991E-17
    1473 -0.70340230E+01 -0.12647956E-16 -0.74079930E+01  0.33847991E-17
    1474 -0.70346115E+01 -0.12647915E-16 -0.74079930E+01  0.33847991E-17
    1475 -0.70351833E+01 -0.12648146E-16 -0.74079930E+01  0.33847991E-17
    1476 -0.70357748E+01 -0.12648329E-16 -0.74079930E+01  0.33847991E-17
    1477 -0.70363504E+01 -0.12648302E-16 -0.74079930E+01  0.33847991E-17
    1478 -0.70369361E+01 -0.12648424E-16 -0.74079930E+01  0.33847991E-17
    1479 -0.70375248E+01 -0.12648212E-16 -0.74079930E+01  0.33847991E-17
    1480 -0.70380899E+01 -0.12648158E-16 -0.74079930E+01  0.33847991E-17
    1481 -0.70386859E+01 -0.12648175E-16 -0.74079930E+01  0.33847991E-17
    1482 -0.70392696E+01 -0.12648202E-16 -0.74079930E+01  0.33847991E-17
    1483 -0.70398965E+01 -0.12648178E-16 -0.74079930E+01  0.33847991E-17
    1484 -0.70404788E+01 -0.12648078E-16 -0.74079930E+01  0.33847991E-17
    1485 -0.70410710E+01 -0.12648090E-16 -0.74079930E+01  0.33847991E-17
    1486 -0.70416921E+01 -0.12648120E-16 -0.74079930E+01  0.33847991E-17
    1487 -0.70422964E+01 -0.12648049E-16 -0.74079930E+01  0.33847991E-17
    1488 -0.70429071E+01 -0.12647913E-16 -0.74079930E+01  0.33847991E-17
    1489 -0.70435006E+01 -0.12647858E-16 -0.74079930E+01  0.33847991E-17
    1490 -0.70441196E+01 -0.12647823E-16 -0.74079930E+01  0.33847991E-17
    1491 -0.70447719E+01 -0.12647612E-16 -0.74079930E+01  0.33847991E-17
    1492 -0.70453379E+01 -0.12647572E-16 -0.74079930E+01  0.33847991E-17
    1493 -0.70460035E+01 -0.12647820E-16 -0.74079930E+01  0.33847991E-17
    1494 -0.70466163E+01 -0.12647898E-16 -0.74079930E+01  0.33847991E-17
    1495 -0.70472051E+01 -0.12647845E-16 -0.74079930E+01  0.33847991E-17
    1496 -0.70477897E+01 -0.12648000E-16 -0.74079930E+01  0.33847991E-17
    1497 -0.70484095E+01 -0.12648354E-16 -0.74079930E+01  0.33847991E-17
    1498 -0.70489966E+01 -0.12648262E-16 -0.74079930E+01  0.33847991E-17
    1499 -0.70496473E+01 -0.12648517E-16 -0.74079930E+01  0.33847991E-17
    1500 -0.70502320E+01 -0.12648739E-16 -0.74079930E+01  0.33847991E-17
    1501 -0.70508115E+01 -0.12648784E-16 -0.74079930E+01  0.33847991E-17
    1502 -0.70513640E+01 -0.12648821E-16 -0.74079930E+01  0.33847991E-17
    1503 -0.70519420E+01 -0.12649058E-16 -0.74079930E+01  0.33847991E-17
    1504 -0.70525019E+01 -0.12649328E-16 -0.74079930E+01  0.33847991E-17
    1505 -0.70530620E+01 -0.12649519E-16 -0.74079930E+01  0.33847991E-17
    1506 -0.70536107E+01 -0.12649542E-16 -0.74079930E+01  0.33847991E-17
    1507 -0.70542481E+01 -0.12649744E-16 -0.74079930E+01  0.33847991E-17
    1508 -0.70547793E+01 -0.12649460E-16 -0.74079930E+01  0.33847991E-17
    1509 -0.70553187E+01 -0.12649504E-16 -0.74079930E+01  0.33847991E-17
    1510 -0.70559012E+01 -0.12649611E-16 -0.74079930E+01  0.33847991E-17
    1511 -0.70564574E+01 -0.12649417E-16 -0.74079930E+01  0.33847991E-17
    1512 -0.70570052E+01 -0.12649499E-16 -0.74079930E+01  0.33847991E-17
    1513 -0.70575585E+01 -0.12649446E-16 -0.74079930E+01  0.33847991E-17
    1514 -0.70581270E+01 -0.12649441E-16 -0.74079930E+01  0.33847991E-17
    1515 -0.70586917E+01 -0.12649477E-16 -0.74079930E+01  0.33847991E-17
    1516 -0.70592576E+01 -0.12649490E-16 -0.74079930E+01  0.33847991E-17
    1517 -0.70598208E+01 -0.12649616E-16 -0.74079930E+01  0.33847991E-17
    1518 -0.70603603E+01 -0.12649600E-16 -0.74079930E+01  0.33847991E-17
    1519 -0.70609049E+01 -0.12649455E-16 -0.74079930E+01  0.33847991E-17
    1520 -0.70614534E+01 -0.12649428E-16 -0.74079930E+01  0.33847991E-17
    1521 -0.70619956E+01 -0.12649388E-16 -0.74079930E+01  0.33847991E-17
    1522 -0.70625596E+01 -0.12649202E-16 -0.74079930E+01  0.33847991E-17
    1523 -0.70631588E+01 -0.12649122E-16 -0.74079930E+01  0.33847991E-17
    1524 -0.70637469E+01 -0.12649139E-16 -0.74079930E+01  0.33847991E-17
    1525 -0.70642873E+01 -0.12649157E-16 -0.74079930E+01  0.33847991E-17
    1526 -0.70648437E+01 -0.12649008E-16 -0.74079930E+01  0.33847991E-17
    1527 -0.70653777E+01 -0.12649233E-16 -0.74079930E+01  0.33847991E-17
    1528 -0.70659747E+01 -0.12649207E-16 -0.74079930E+01  0.33847991E-17
    1529 -0.70665759E+01 -0.12648896E-16 -0.74079930E+01  0.33847991E-17
    1530 -0.70670939E+01 -0.12648877E-16 -0.74079930E+01  0.33847991E-17
    1531 -0.70676273E+01 -0.12648959E-16 -0.74079930E+01  0.33847991E-17
    1532 -0.70682130E+01 -0.12649192E-16 -0.74079930E+01  0.33847991E-17
    1533 -0.70687564E+01 -0.12649417E-16 -0.74079930E+01  0.33847991E-17
    1534 -0.70693510E+01 -0.12649365E-16 -0.74079930E+01  0.33847991E-17
    1535 -0.70699237E+01 -0.12649332E-16 -0.74079930E+01  0.33847991E-17
    1536 -0.70704638E+01 -0.12649296E-16 -0.74079930E+01  0.33847991E-17
    1537 -0.70710566E+01 -0.12649329E-16 -0.74079930E+01  0.33847991E-17
    1538 -0.70716301E+01 -0.12649290E-16 -0.74079930E+01  0.33847991E-17
    1539 -0.70722692E+01 -0.12649302E-16 -0.74079930E+01  0.33847991E-17
    1540 -0.70728688E+01 -0.12649227E-16 -0.74079930E+01  0.33847991E-17
    1541 -0.70734549E+01 -0.12649072E-16 -0.74079930E+01  0.33847991E-17
    1542 -0.70740277E+01 -0.12649052E-16 -0.74079930E+01  0.33847991E-17
    1543 -0.70746000E+01 -0.12648979E-16 -0.74079930E+01  0.33847991E-17
    1544 -0.70751394E+01 -0.12649061E-16 -0.74079930E+01  0.33847991E-17
    1545 -0.70756962E+01 -0.12649133E-16 -0.74079930E+01  0.33847991E-17
    1546 -0.70762433E+01 -0.12649203E-16 -0.74079930E+01  0.33847991E-17
    1547 -0.70768207E+01 -0.12649049E-16 -0.74079930E+01  0.33847991E-17
    1548 -0.70774288E+01 -0.12648855E-16 -0.74079930E+01  0.33847991E-17
    1549 -0.70780418E+01 -0.12648709E-16 -0.74079930E+01  0.33847991E-17
    1550 -0.70786048E+01 -0.12648853E-16 -0.74079930E+01  0.33847991E-17
    1551 -0.70791671E+01 -0.12649030E-16 -0.74079930E+01  0.33847991E-17
    1552 -0.70797982E+01 -0.12649211E-16 -0.74079930E+01  0.33847991E-17
    1553 -0.70804032E+01 -0.12649254E-16 -0.74079930E+01  0.33847991E-17
    1554 -0.70810021E+01 -0.12649334E-16 -0.74079930E+01  0.33847991E-17
    1555 -0.70816495E+01 -0.12649537E-16 -0.74079930E+01  0.33847991E-17
    1556 -0.70823135E+01 -0.12649840E-16 -0.74079930E+01  0.33847991E-17
    1557 -0.70829751E+01 -0.12650047E-16 -0.74079930E+01  0.33847991E-17
    1558 -0.70835778E+01 -0.12650101E-16 -0.74079930E+01  0.33847991E-17
    1559 -0.70841985E+01 -0.12649897E-16 -0.74079930E+01  0.33847991E-17
    1560 -0.70847947E+01 -0.12649881E-16 -0.74079930E+01  0.33847991E-17
    1561 -0.70853708E+01 -0.12649767E-16 -0.74079930E+01  0.33847991E-17
    1562 -0.70859197E+01 -0.12649627E-16 -0.74079930E+01  0.33847991E-17
    1563 -0.70865114E+01 -0.12649779E-16 -0.74079930E+01  0.33847991E-17
    1564 -0.70872369E+01 -0.12649209E-16 -0.74079930E+01  0.33847991E-17
    1565 -0.70879942E+01 -0.12648809E-16 -0.74079930E+01  0.33847991E-17
    1566 -0.70886816E+01 -0.12648829E-16 -0.74079930E+01  0.33847991E-17
    1567 -0.70892435E+01 -0.12648633E-16 -0.74079930E+01  0.33847991E-17
    1568 -0.70898644E+01 -0.12648772E-16 -0.74079930E+01  0.33847991E-17
    1569 -0.70905531E+01 -0.12648817E-16 -0.74079930E+01  0.33847991E-17
    1570 -0.70911721E+01 -0.12648777E-16 -0.74079930E+01  0.33847991E-17
    1571 -0.70917966E+01 -0.12648728E-16 -0.74079930E+01  0.33847991E-17
    1572 -0.70924487E+01 -0.12648734E-16 -0.74079930E+01  0.33847991E-17
    1573 -0.70930792E+01 -0.12648569E-16 -0.74079930E+01  0.33847991E-17
    1574 -0.70937473E+01 -0.12648697E-16 -0.74079930E+01  0.33847991E-17
    1575 -0.70943502E+01 -0.12648828E-16 -0.74079930E+01  0.33847991E-17
    1576 -0.70949544E+01 -0.12648910E-16 -0.74079930E+01  0.33847991E-17
    1577 -0.70955827E+01 -0.12648715E-16 -0.74079930E+01  0.33847991E-17
    1578 -0.70962290E+01 -0.12648597E-16 -0.74079930E+01  0.33847991E-17
    1579 -0.70969243E+01 -0.12648284E-16 -0.74079930E+01  0.33847991E-17
    1580 -0.70976621E+01 -0.12648545E-16 -0.74079930E+01  0.33847991E-17
    1581 -0.70983300E+01 -0.12648649E-16 -0.74079930E+01  0.33847991E-17
    1582 -0.70989662E+01 -0.12648709E-16 -0.74079930E+01  0.33847991E-17
    1583 -0.70996225E+01 -0.12648847E-16 -0.74079930E+01  0.33847991E-17
    1584 -0.71002867E+01 -0.12648927E-16 -0.74079930E+01  0.33847991E-17
    1585 -0.71010457E+01 -0.12649078E-16 -0.74079930E+01  0.33847991E-17
    1586 -0.71017075E+01 -0.12649163E-16 -0.74079930E+01  0.33847991E-17
    1587 -0.71023779E+01 -0.12649303E-16 -0.74079930E+01  0.33847991E-17
    1588 -0.71030459E+01 -0.12649211E-16 -0.74079930E+01  0.33847991E-17
    1589 -0.71036267E+01 -0.12649127E-16 -0.74079930E+01  0.33847991E-17
    1590 -0.71042837E+01 -0.12649411E-16 -0.74079930E+01  0.33847991E-17
    1591 -0.71049770E+01 -0.12649247E-16 -0.74079930E+01  0.33847991E-17
    1592 -0.71056984E+01 -0.12648988E-16 -0.74079930E+01  0.33847991E-17
    1593 -0.71063990E+01 -0.12648910E-16 -0.74079930E+01  0.33847991E-17
    1594 -0.71070412E+01 -0.12648768E-16 -0.74079930E+01  0.33847991E-17
    1595 -0.71077275E+01 -0.12648574E-16 -0.74079930E+01  0.33847991E-17
    1596 -0.71084339E+01 -0.12648759E-16 -0.74079930E+01  0.33847991E-17
    1597 -0.71091943E+01 -0.12648370E-16 -0.74079930E+01  0.33847991E-17
    1598 -0.71099081E+01 -0.12648031E-16 -0.74079930E+01  0.33847991E-17
    1599 -0.71106504E+01 -0.12647598E-16 -0.74079930E+01  0.33847991E-17
    1600 -0.71113899E+01 -0.12648005E-16 -0.74079930E+01  0.33847991E-17
    1601 -0.71120669E+01 -0.12647768E-16 -0.74079930E+01  0.33847991E-17
    1602 -0.71127775E+01 -0.12647492E-16 -0.74079930E+01  0.33847991E-17
    1603 -0.71135006E+01 -0.12647366E-16 -0.74079930E+01  0.33847991E-17
    1604 -0.71141887E+01 -0.12647291E-16 -0.74079930E+01  0.33847991E-17
    1605 -0.71149392E+01 -0.12647068E-16 -0.74079930E+01  0.33847991E-17
    1606 -0.71156188E+01 -0.12646767E-16 -0.74079930E+01  0.33847991E-17
    1607 -0.71162793E+01 -0.12646526E-16 -0.74079930E+01  0.33847991E-17
    1608 -0.71169569E+01 -0.12646304E-16 -0.74079930E+01  0.33847991E-17
    1609 -0.71176331E+01 -0.12646003E-16 -0.74079930E+01  0.33847991E-17
    1610 -0.71183774E+01 -0.12645822E-16 -0.74079930E+01  0.33847991E-17
    1611 -0.71190901E+01 -0.12645764E-16 -0.74079930E+01  0.33847991E-17
    1612 -0.71198164E+01 -0.12645658E-16 -0.74079930E+01  0.33847991E-17
    1613 -0.71204842E+01 -0.12645535E-16 -0.74079930E+01  0.33847991E-17
    1614 -0.71211866E+01 -0.12645212E-16 -0.74079930E+01  0.33847991E-17
    1615 -0.71218623E+01 -0.12645170E-16 -0.74079930E+01  0.33847991E-17
    1616 -0.71225350E+01 -0.12645239E-16 -0.74079930E+01  0.33847991E-17
    1617 -0.71232750E+01 -0.12645174E-16 -0.74079930E+01  0.33847991E-17
    1618 -0.71239391E+01 -0.12645094E-16 -0.74079930E+01  0.33847991E-17
    1619 -0.71246986E+01 -0.12645502E-16 -0.74079930E+01  0.33847991E-17
    1620 -0.71254359E+01 -0.12645388E-16 -0.74079930E+01  0.33847991E-17
    1621 -0.71261890E+01 -0.12644939E-16 -0.74079930E+01  0.33847991E-17
    1622 -0.71268361E+01 -0.12644511E-16 -0.74079930E+01  0.33847991E-17
    1623 -0.71275223E+01 -0.12644277E-16 -0.74079930E+01  0.33847991E-17
    1624 -0.71282122E+01 -0.12644214E-16 -0.74079930E+01  0.33847991E-17
    1625 -0.71288681E+01 -0.12644112E-16 -0.74079930E+01  0.33847991E-17
    1626 -0.71295565E+01 -0.12643843E-16 -0.74079930E+01  0.33847991E-17
    1627 -0.71302440E+01 -0.12643609E-16 -0.74079930E+01  0.33847991E-17
    1628 -0.71309996E+01 -0.12643384E-16 -0.74079930E+01  0.33847991E-17
    1629 -0.71316594E+01 -0.12643302E-16 -0.74079930E+01  0.33847991E-17
    1630 -0.71323954E+01 -0.12643090E-16 -0.74079930E+01  0.33847991E-17
    1631 -0.71330329E+01 -0.12643018E-16 -0.74079930E+01  0.33847991E-17
    1632 -0.71337027E+01 -0.12642905E-16 -0.74079930E+01  0.33847991E-17
    1633 -0.71344067E+01 -0.12643047E-16 -0.74079930E+01  0.33847991E-17
    1634 -0.71350779E+01 -0.12643175E-16 -0.74079930E+01  0.33847991E-17
    1635 -0.71357266E+01 -0.12642949E-16 -0.74079930E+01  0.33847991E-17
    1636 -0.71364053E+01 -0.12643053E-16 -0.74079930E+01  0.33847991E-17
    1637 -0.71370577E+01 -0.12643187E-16 -0.74079930E+01  0.33847991E-17
    1638 -0.71377124E+01 -0.12643203E-16 -0.74079930E+01  0.33847991E-17
    1639 -0.71384124E+01 -0.12642797E-16 -0.74079930E+01  0.33847991E-17
    1640 -0.71391212E+01 -0.12642570E-16 -0.74079930E+01  0.33847991E-17
    1641 -0.71398443E+01 -0.12642746E-16 -0.74079930E+01  0.33847991E-17
    1642 -0.71405645E+01 -0.12642642E-16 -0.74079930E+01  0.33847991E-17
    1643 -0.71412366E+01 -0.12642730E-16 -0.74079930E+01  0.33847991E-17
    1644 -0.71419003E+01 -0.12642862E-16 -0.74079930E+01  0.33847991E-17
    1645 -0.71425637E+01 -0.12642965E-16 -0.74079930E+01  0.33847991E-17
    1646 -0.71433029E+01 -0.12642961E-16 -0.74079930E+01  0.33847991E-17
    1647 -0.71440178E+01 -0.12642757E-16 -0.74079930E+01  0.33847991E-17
    1648 -0.71447274E+01 -0.12642758E-16 -0.74079930E+01  0.33847991E-17
    1649 -0.71454191E+01 -0.12642697E-16 -0.74079930E+01  0.33847991E-17
    1650 -0.71461099E+01 -0.12642532E-16 -0.74079930E+01  0.33847991E-17
    1651 -0.71468050E+01 -0.12642407E-16 -0.74079930E+01  0.33847991E-17
    1652 -0.71474566E+01 -0.12642345E-16 -0.74079930E+01  0.33847991E-17
    1653 -0.71481961E+01 -0.12642186E-16 -0.74079930E+01  0.33847991E-17
    1654 -0.71488417E+01 -0.12642265E-16 -0.74079930E+01  0.33847991E-17
    1655 -0.71495396E+01 -0.12642211E-16 -0.74079930E+01  0.33847991E-17
    1656 -0.71501920E+01 -0.12642187E-16 -0.74079930E+01  0.33847991E-17
    1657 -0.71508820E+01 -0.12641975E-16 -0.74079930E+01  0.33847991E-17
    1658 -0.71515540E+01 -0.12641925E-16 -0.74079930E+01  0.33847991E-17
    1659 -0.71522516E+01 -0.12641861E-16 -0.74079930E+01  0.33847991E-17
    1660 -0.71529076E+01 -0.12641682E-16 -0.74079930E+01  0.33847991E-17
    1661 -0.71535827E+01 -0.12641625E-16 -0.74079930E+01  0.33847991E-17
    1662 -0.71542739E+01 -0.12641356E-16 -0.74079930E+01  0.33847991E-17
    1663 -0.71548948E+01 -0.12641284E-16 -0.74079930E+01  0.33847991E-17
    1664 -0.71555853E+01 -0.12641258E-16 -0.74079930E+01  0.33847991E-17
    1665 -0.71562705E+01 -0.12641258E-16 -0.74079930E+01  0.33847991E-17
    1666 -0.71569498E+01 -0.12641116E-16 -0.74079930E+01  0.33847991E-17
    1667 -0.71576302E+01 -0.12640935E-16 -0.74079930E+01  0.33847991E-17
    1668 -0.71582862E+01 -0.12640829E-16 -0.74079930E+01  0.33847991E-17
    1669 -0.71589789E+01 -0.12640695E-16 -0.74079930E+01  0.33847991E-17
    1670 -0.71596769E+01 -0.12640729E-16 -0.74079930E+01  0.33847991E-17
    1671 -0.71603674E+01 -0.12640742E-16 -0.74079930E+01  0.33847991E-17
    1672 -0.71609997E+01 -0.12640725E-16 -0.74079930E+01  0.33847991E-17
    1673 -0.71616536E+01 -0.12640819E-16 -0.74079930E+01  0.33847991E-17
    1674 -0.71623004E+01 -0.12640804E-16 -0.74079930E+01  0.33847991E-17
    1675 -0.71629880E+01 -0.12640874E-16 -0.74079930E+01  0.33847991E-17
    1676 -0.71636593E+01 -0.12640869E-16 -0.74079930E+01  0.33847991E-17
    1677 -0.71643309E+01 -0.12640804E-16 -0.74079930E+01  0.33847991E-17
    1678 -0.71649906E+01 -0.12641071E-16 -0.74079930E+01  0.33847991E-17
    1679 -0.71656395E+01 -0.12640988E-16 -0.74079930E+01  0.33847991E-17
    1680 -0.71662962E+01 -0.12641221E-16 -0.74079930E+01  0.33847991E-17
    1681 -0.71669831E+01 -0.12641229E-16 -0.74079930E+01  0.33847991E-17
    1682 -0.71676498E+01 -0.12641180E-16 -0.74079930E+01  0.33847991E-17
    1683 -0.71683011E+01 -0.12640808E-16 -0.74079930E+01  0.33847991E-17
    1684 -0.71689372E+01 -0.12640802E-16 -0.74079930E+01  0.33847991E-17
    1685 -0.71696054E+01 -0.12640741E-16 -0.74079930E+01  0.33847991E-17
    1686 -0.71702387E+01 -0.12640647E-16 -0.74079930E+01  0.33847991E-17
    1687 -0.71708821E+01 -0.12640417E-16 -0.74079930E+01  0.33847991E-17
    1688 -0.71715610E+01 -0.12640410E-16 -0.74079930E+01  0.33847991E-17
    1689 -0.71722733E+01 -0.12640450E-16 -0.74079930E+01  0.33847991E-17
    1690 -0.71729080E+01 -0.12640528E-16 -0.74079930E+01  0.33847991E-17
    1691 -0.71735685E+01 -0.12640560E-16 -0.74079930E+01  0.33847991E-17
    1692 -0.71741726E+01 -0.12640637E-16 -0.74079930E+01  0.33847991E-17
    1693 -0.71748082E+01 -0.12640567E-16 -0.74079930E+01  0.33847991E-17
    1694 -0.71754317E+01 -0.12640468E-16 -0.74079930E+01  0.33847991E-17
    1695 -0.71760696E+01 -0.12640529E-16 -0.74079930E+01  0.33847991E-17
    1696 -0.71766797E+01 -0.12640456E-16 -0.74079930E+01  0.33847991E-17
    1697 -0.71772910E+01 -0.12640423E-16 -0.74079930E+01  0.33847991E-17
    1698 -0.71779340E+01 -0.12640479E-16 -0.74079930E+01  0.33847991E-17
    1699 -0.71784820E+01 -0.12640648E-16 -0.74079930E+01  0.33847991E-17
    1700 -0.71790751E+01 -0.12640721E-16 -0.74079930E+01  0.33847991E-17
    1701 -0.71797034E+01 -0.12640662E-16 -0.74079930E+01  0.33847991E-17
    1702 -0.71803423E+01 -0.12640787E-16 -0.74079930E+01  0.33847991E-17
    1703 -0.71809345E+01 -0.12640746E-16 -0.74079930E+01  0.33847991E-17
    1704 -0.71815302E+01 -0.12640683E-16 -0.74079930E+01  0.33847991E-17
    1705 -0.71821551E+01 -0.12640626E-16 -0.74079930E+01  0.33847991E-17
    1706 -0.71827372E+01 -0.12640643E-16 -0.74079930E+01  0.33847991E-17
    1707 -0.71834040E+01 -0.12640476E-16 -0.74079930E+01  0.33847991E-17
    1708 -0.71840108E+01 -0.12640427E-16 -0.74079930E+01  0.33847991E-17
    1709 -0.71846177E+01 -0.12640506E-16 -0.74079930E+01  0.33847991E-17
    1710 -0.71852490E+01 -0.12640666E-16 -0.74079930E+01  0.33847991E-17
    1711 -0.71858703E+01 -0.12640691E-16 -0.74079930E+01  0.33847991E-17
    1712 -0.71864693E+01 -0.12640746E-16 -0.74079930E+01  0.33847991E-17
    1713 -0.71870586E+01 -0.12640670E-16 -0.74079930E+01  0.33847991E-17
    1714 -0.71876582E+01 -0.12640776E-16 -0.74079930E+01  0.33847991E-17
    1715 -0.71882631E+01 -0.12640762E-16 -0.74079930E+01  0.33847991E-17
    1716 -0.71888445E+01 -0.12640649E-16 -0.74079930E+01  0.33847991E-17
    1717 -0.71894717E+01 -0.12640746E-16 -0.74079930E+01  0.33847991E-17
    1718 -0.71900732E+01 -0.12640660E-16 -0.74079930E+01  0.33847991E-17
    1719 -0.71906902E+01 -0.12640739E-16 -0.74079930E+01  0.33847991E-17
    1720 -0.71912834E+01 -0.12640858E-16 -0.74079930E+01  0.33847991E-17
    1721 -0.71918624E+01 -0.12641082E-16 -0.74079930E+01  0.33847991E-17
    1722 -0.71924866E+01 -0.12641077E-16 -0.74079930E+01  0.33847991E-17
    1723 -0.71930815E+01 -0.12641025E-16 -0.74079930E+01  0.33847991E-17
    1724 -0.71937095E+01 -0.12640964E-16 -0.74079930E+01  0.33847991E-17
    1725 -0.71943082E+01 -0.12640853E-16 -0.74079930E+01  0.33847991E-17
    1726 -0.71948890E+01 -0.12640684E-16 -0.74079930E+01  0.33847991E-17
    1727 -0.71955002E+01 -0.12640437E-16 -0.74079930E+01  0.33847991E-17
    1728 -0.71960828E+01 -0.12640381E-16 -0.74079930E+01  0.33847991E-17
    1729 -0.71966519E+01 -0.12640428E-16 -0.74079930E+01  0.33847991E-17
    1730 -0.71972611E+01 -0.12640242E-16 -0.74079930E+01  0.33847991E-17
    1731 -0.71978565E+01 -0.12640231E-16 -0.74079930E+01  0.33847991E-17
    1732 -0.71984302E+01 -0.12640273E-16 -0.74079930E+01  0.33847991E-17
    1733 -0.71989817E+01 -0.12640270E-16 -0.74079930E+01  0.33847991E-17
    1734 -0.71995814E+01 -0.12640358E-16 -0.74079930E+01  0.33847991E-17
    1735 -0.72002041E+01 -0.12640646E-16 -0.74079930E+01  0.33847991E-17
    1736 -0.72007833E+01 -0.12640463E-16 -0.74079930E+01  0.33847991E-17
    1737 -0.72013888E+01 -0.12640477E-16 -0.74079930E+01  0.33847991E-17
    1738 -0.72019916E+01 -0.12640519E-16 -0.74079930E+01  0.33847991E-17
    1739 -0.72025902E+01 -0.12640503E-16 -0.74079930E+01  0.33847991E-17
    1740 -0.72031928E+01 -0.12640418E-16 -0.74079930E+01  0.33847991E-17
    1741 -0.72037784E+01 -0.12640503E-16 -0.74079930E+01  0.33847991E-17
    1742 -0.72044106E+01 -0.12640792E-16 -0.74079930E+01  0.33847991E-17
    1743 -0.72050731E+01 -0.12640920E-16 -0.74079930E+01  0.33847991E-17
    1744 -0.72057244E+01 -0.12640938E-16 -0.74079930E+01  0.33847991E-17
    1745 -0.72063513E+01 -0.12640938E-16 -0.74079930E+01  0.33847991E-17
    1746 -0.72069500E+01 -0.12640993E-16 -0.74079930E+01  0.33847991E-17
    1747 -0.72075754E+01 -0.12641071E-16 -0.74079930E+01  0.33847991E-17
    1748 -0.72082163E+01 -0.12641185E-16 -0.74079930E+01  0.33847991E-17
    1749 -0.72088379E+01 -0.12641233E-16 -0.74079930E+01  0.33847991E-17
    1750 -0.72094183E+01 -0.12641294E-16 -0.74079930E+01  0.33847991E-17
    1751 -0.72099559E+01 -0.12641254E-16 -0.74079930E+01  0.33847991E-17
    1752 -0.72105446E+01 -0.12641393E-16 -0.74079930E+01  0.33847991E-17
    1753 -0.72111116E+01 -0.12641386E-16 -0.74079930E+01  0.33847991E-17
    1754 -0.72116817E+01 -0.12641295E-16 -0.74079930E+01  0.33847991E-17
    1755 -0.72122502E+01 -0.12641443E-16 -0.74079930E+01  0.33847991E-17
    1756 -0.72127983E+01 -0.12641319E-16 -0.74079930E+01  0.33847991E-17
    1757 -0.72133603E+01 -0.12641270E-16 -0.74079930E+01  0.33847991E-17
    1758 -0.72139669E+01 -0.12641223E-16 -0.74079930E+01  0.33847991E-17
    1759 -0.72145251E+01 -0.12641179E-16 -0.74079930E+01  0.33847991E-17
    1760 -0.72150770E+01 -0.12641183E-16 -0.74079930E+01  0.33847991E-17
    1761 -0.72156545E+01 -0.12641049E-16 -0.74079930E+01  0.33847991E-17
    1762 -0.72161869E+01 -0.12640915E-16 -0.74079930E+01  0.33847991E-17
    1763 -0.72167344E+01 -0.12640953E-16 -0.74079930E+01  0.33847991E-17
    1764 -0.72172928E+01 -0.12640907E-16 -0.74079930E+01  0.33847991E-17
    1765 -0.72178992E+01 -0.12640715E-16 -0.74079930E+01  0.33847991E-17
    1766 -0.72184590E+01 -0.12640542E-16 -0.74079930E+01  0.33847991E-17
    1767 -0.72190378E+01 -0.12640517E-16 -0.74079930E+01  0.33847991E-17
    1768 -0.72195982E+01 -0.12640558E-16 -0.74079930E+01  0.33847991E-17
    1769 -0.72201597E+01 -0.12640691E-16 -0.74079930E+01  0.33847991E-17
    1770 -0.72207300E+01 -0.12640875E-16 -0.74079930E+01  0.33847991E-17
    1771 -0.72212886E+01 -0.12640928E-16 -0.74079930E+01  0.33847991E-17
    1772 -0.72218302E+01 -0.12640961E-16 -0.74079930E+01  0.33847991E-17
    1773 -0.72223738E+01 -0.12641039E-16 -0.74079930E+01  0.33847991E-17
    1774 -0.72229465E+01 -0.12641092E-16 -0.74079930E+01  0.33847991E-17
    1775 -0.72235213E+01 -0.12641120E-16 -0.74079930E+01  0.33847991E-17
    1776 -0.72240876E+01 -0.12641371E-16 -0.74079930E+01  0.33847991E-17
    1777 -0.72246894E+01 -0.12641621E-16 -0.74079930E+01  0.33847991E-17
    1778 -0.72252894E+01 -0.12641870E-16 -0.74079930E+01  0.33847991E-17
    1779 -0.72258902E+01 -0.12641936E-16 -0.74079930E+01  0.33847991E-17
    1780 -0.72265085E+01 -0.12641940E-16 -0.74079930E+01  0.33847991E-17
    1781 -0.72270784E+01 -0.12641964E-16 -0.74079930E+01  0.33847991E-17
    1782 -0.72276984E+01 -0.12641825E-16 -0.74079930E+01  0.33847991E-17
    1783 -0.72282742E+01 -0.12641974E-16 -0.74079930E+01  0.33847991E-17
    1784 -0.72288081E+01 -0.12642070E-16 -0.74079930E+01  0.33847991E-17
    1785 -0.72293867E+01 -0.12642065E-16 -0.74079930E+01  0.33847991E-17
    1786 -0.72299932E+01 -0.12642193E-16 -0.74079930E+01  0.33847991E-17
    1787 -0.72305941E+01 -0.12642311E-16 -0.74079930E+01  0.33847991E-17
    1788 -0.72311794E+01 -0.12642318E-16 -0.74079930E+01  0.33847991E-17
    1789 -0.72317588E+01 -0.12642292E-16 -0.74079930E+01  0.33847991E-17
    1790 -0.72324170E+01 -0.12642199E-16 -0.74079930E+01  0.33847991E-17
    1791 -0.72330458E+01 -0.12642208E-16 -0.74079930E+01  0.33847991E-17
    1792 -0.72336764E+01 -0.12642365E-16 -0.74079930E+01  0.33847991E-17
    1793 -0.72342922E+01 -0.12642609E-16 -0.74079930E+01  0.33847991E-17
    1794 -0.72348397E+01 -0.12642704E-16 -0.74079930E+01  0.33847991E-17
    1795 -0.72354640E+01 -0.12642838E-16 -0.74079930E+01  0.33847991E-17
    1796 -0.72360709E+01 -0.12643071E-16 -0.74079930E+01  0.33847991E-17
    1797 -0.72366241E+01 -0.12643273E-16 -0.74079930E+01  0.33847991E-17
    1798 -0.72372126E+01 -0.12643352E-16 -0.74079930E+01  0.33847991E-17
    1799 -0.72378090E+01 -0.12643668E-16 -0.74079930E+01  0.33847991E-17
    1800 -0.72383907E+01 -0.12643707E-16 -0.74079930E+01  0.33847991E-17
    1801 -0.72389267E+01 -0.12643843E-16 -0.74079930E+01  0.33847991E-17
    1802 -0.72394960E+01 -0.12643702E-16 -0.74079930E+01  0.33847991E-17
    1803 -0.72400745E+01 -0.12643643E-16 -0.74079930E+01  0.33847991E-17
    1804 -0.72406076E+01 -0.12643793E-16 -0.74079930E+01  0.33847991E-17
    1805 -0.72411122E+01 -0.12643959E-16 -0.74079930E+01  0.33847991E-17
    1806 -0.72416767E+01 -0.12644233E-16 -0.74079930E+01  0.33847991E-17
    1807 -0.72422156E+01 -0.12644374E-16 -0.74079930E+01  0.33847991E-17
    1808 -0.72427693E+01 -0.12644336E-16 -0.74079930E+01  0.33847991E-17
    1809 -0.72433042E+01 -0.12644334E-16 -0.74079930E+01  0.33847991E-17
    1810 -0.72438461E+01 -0.12644433E-16 -0.74079930E+01  0.33847991E-17
    1811 -0.72443566E+01 -0.12644505E-16 -0.74079930E+01  0.33847991E-17
    1812 -0.72448770E+01 -0.12644664E-16 -0.74079930E+01  0.33847991E-17
    1813 -0.72454099E+01 -0.12644859E-16 -0.74079930E+01  0.33847991E-17
    1814 -0.72459179E+01 -0.12644882E-16 -0.74079930E+01  0.33847991E-17
    1815 -0.72464522E+01 -0.12645047E-16 -0.74079930E+01  0.33847991E-17
    1816 -0.72469438E+01 -0.12645109E-16 -0.74079930E+01  0.33847991E-17
    1817 -0.72474649E+01 -0.12645055E-16 -0.74079930E+01  0.33847991E-17
    1818 -0.72479595E+01 -0.12645231E-16 -0.74079930E+01  0.33847991E-17
    1819 -0.72484620E+01 -0.12645135E-16 -0.74079930E+01  0.33847991E-17
    1820 -0.72490039E+01 -0.12645353E-16 -0.74079930E+01  0.33847991E-17
    1821 -0.72495090E+01 -0.12645484E-16 -0.74079930E+01  0.33847991E-17
    1822 -0.72500183E+01 -0.12645632E-16 -0.74079930E+01  0.33847991E-17
    1823 -0.72505050E+01 -0.12645678E-16 -0.74079930E+01  0.33847991E-17
    1824 -0.72510373E+01 -0.12645718E-16 -0.74079930E+01  0.33847991E-17
    1825 -0.72515315E+01 -0.12645894E-16 -0.74079930E+01  0.33847991E-17
    1826 -0.72520611E+01 -0.12645745E-16 -0.74079930E+01  0.33847991E-17
    1827 -0.72525393E+01 -0.12645689E-16 -0.74079930E+01  0.33847991E-17
    1828 -0.72530324E+01 -0.12645643E-16 -0.74079930E+01  0.33847991E-17
    1829 -0.72535514E+01 -0.12645680E-16 -0.74079930E+01  0.33847991E-17
    1830 -0.72540592E+01 -0.12645763E-16 -0.74079930E+01  0.33847991E-17
    1831 -0.72545441E+01 -0.12645830E-16 -0.74079930E+01  0.33847991E-17
    1832 -0.72550375E+01 -0.12645827E-16 -0.74079930E+01  0.33847991E-17
    1833 -0.72555192E+01 -0.12645788E-16 -0.74079930E+01  0.33847991E-17
    1834 -0.72560051E+01 -0.12645769E-16 -0.74079930E+01  0.33847991E-17
    1835 -0.72565321E+01 -0.12645849E-16 -0.74079930E+01  0.33847991E-17
    1836 -0.72570053E+01 -0.12645964E-16 -0.74079930E+01  0.33847991E-17
    1837 -0.72574870E+01 -0.12645929E-16 -0.74079930E+01  0.33847991E-17
    1838 -0.72579505E+01 -0.12645822E-16 -0.74079930E+01  0.33847991E-17
    1839 -0.72584719E+01 -0.12645848E-16 -0.74079930E+01  0.33847991E-17
    1840 -0.72589749E+01 -0.12645952E-16 -0.74079930E+01  0.33847991E-17
    1841 -0.72594589E+01 -0.12645966E-16 -0.74079930E+01  0.33847991E-17
    1842 -0.72599580E+01 -0.12645970E-16 -0.74079930E+01  0.33847991E-17
    1843 -0.72604821E+01 -0.12645924E-16 -0.74079930E+01  0.33847991E-17
    1844 -0.72610254E+01 -0.12646152E-16 -0.74079930E+01  0.33847991E-17
    1845 -0.72615440E+01 -0.12646239E-16 -0.74079930E+01  0.33847991E-17
    1846 -0.72620683E+01 -0.12646423E-16 -0.74079930E+01  0.33847991E-17
    1847 -0.72625476E+01 -0.12646464E-16 -0.74079930E+01  0.33847991E-17
    1848 -0.72630164E+01 -0.12646460E-16 -0.74079930E+01  0.33847991E-17
    1849 -0.72635060E+01 -0.12646525E-16 -0.74079930E+01  0.33847991E-17
    1850 -0.72640117E+01 -0.12646485E-16 -0.74079930E+01  0.33847991E-17
    1851 -0.72645136E+01 -0.12646573E-16 -0.74079930E+01  0.33847991E-17
    1852 -0.72650231E+01 -0.12646529E-16 -0.74079930E+01  0.33847991E-17
    1853 -0.72655158E+01 -0.12646689E-16 -0.74079930E+01  0.33847991E-17
    1854 -0.72660001E+01 -0.12646604E-16 -0.74079930E+01  0.33847991E-17
    1855 -0.72665008E+01 -0.12646527E-16 -0.74079930E+01  0.33847991E-17
    1856 -0.72670169E+01 -0.12646435E-16 -0.74079930E+01  0.33847991E-17
    1857 -0.72675242E+01 -0.12646446E-16 -0.74079930E+01  0.33847991E-17
    1858 -0.72680450E+01 -0.12646488E-16 -0.74079930E+01  0.33847991E-17
    1859 -0.72685406E+01 -0.12646617E-16 -0.74079930E+01  0.33847991E-17
    1860 -0.72690781E+01 -0.12646800E-16 -0.74079930E+01  0.33847991E-17
    1861 -0.72695782E+01 -0.12646822E-16 -0.74079930E+01  0.33847991E-17
    1862 -0.72700975E+01 -0.12647023E-16 -0.74079930E+01  0.33847991E-17
    1863 -0.72705861E+01 -0.12647137E-16 -0.74079930E+01  0.33847991E-17
    1864 -0.72710879E+01 -0.12647097E-16 -0.74079930E+01  0.33847991E-17
    1865 -0.72715774E+01 -0.12647053E-16 -0.74079930E+01  0.33847991E-17
    1866 -0.72720591E+01 -0.12647197E-16 -0.74079930E+01  0.33847991E-17
    1867 -0.72725874E+01 -0.12647155E-16 -0.74079930E+01  0.33847991E-17
    1868 -0.72730605E+01 -0.12647359E-16 -0.74079930E+01  0.33847991E-17
    1869 -0.72735697E+01 -0.12647387E-16 -0.74079930E+01  0.33847991E-17
    1870 -0.72740569E+01 -0.12647458E-16 -0.74079930E+01  0.33847991E-17
    1871 -0.72745340E+01 -0.12647608E-16 -0.74079930E+01  0.33847991E-17
    1872 -0.72750017E+01 -0.12647689E-16 -0.74079930E+01  0.33847991E-17
    1873 -0.72754481E+01 -0.12647796E-16 -0.74079930E+01  0.33847991E-17
    1874 -0.72759231E+01 -0.12647835E-16 -0.74079930E+01  0.33847991E-17
    1875 -0.72763758E+01 -0.12648051E-16 -0.74079930E+01  0.33847991E-17
    1876 -0.72768582E+01 -0.12648144E-16 -0.74079930E+01  0.33847991E-17
    1877 -0.72773502E+01 -0.12648349E-16 -0.74079930E+01  0.33847991E-17
    1878 -0.72778396E+01 -0.12648401E-16 -0.74079930E+01  0.33847991E-17
    1879 -0.72783397E+01 -0.12648583E-16 -0.74079930E+01  0.33847991E-17
    1880 -0.72787939E+01 -0.12648649E-16 -0.74079930E+01  0.33847991E-17
    1881 -0.72792519E+01 -0.12648700E-16 -0.74079930E+01  0.33847991E-17
    1882 -0.72796851E+01 -0.12648730E-16 -0.74079930E+01  0.33847991E-17
    1883 -0.72801503E+01 -0.12648821E-16 -0.74079930E+01  0.33847991E-17
    1884 -0.72806357E+01 -0.12648874E-16 -0.74079930E+01  0.33847991E-17
    1885 -0.72811293E+01 -0.12648995E-16 -0.74079930E+01  0.33847991E-17
    1886 -0.72815736E+01 -0.12649110E-16 -0.74079930E+01  0.33847991E-17
    1887 -0.72820386E+01 -0.12649199E-16 -0.74079930E+01  0.33847991E-17
    1888 -0.72825033E+01 -0.12649241E-16 -0.74079930E+01  0.33847991E-17
    1889 -0.72829873E+01 -0.12649196E-16 -0.74079930E+01  0.33847991E-17
    1890 -0.72834422E+01 -0.12649132E-16 -0.74079930E+01  0.33847991E-17
    1891 -0.72838979E+01 -0.12649118E-16 -0.74079930E+01  0.33847991E-17
    1892 -0.72843695E+01 -0.12649058E-16 -0.74079930E+01  0.33847991E-17
    1893 -0.72848508E+01 -0.12649029E-16 -0.74079930E+01  0.33847991E-17
    1894 -0.72853344E+01 -0.12649006E-16 -0.74079930E+01  0.33847991E-17
    1895 -0.72858194E+01 -0.12649080E-16 -0.74079930E+01  0.33847991E-17
    1896 -0.72863186E+01 -0.12649039E-16 -0.74079930E+01  0.33847991E-17
    1897 -0.72868285E+01 -0.12649054E-16 -0.74079930E+01  0.33847991E-17
    1898 -0.72873000E+01 -0.12649127E-16 -0.74079930E+01  0.33847991E-17
    1899 -0.72877871E+01 -0.12649192E-16 -0.74079930E+01  0.33847991E-17
    1900 -0.72882916E+01 -0.12649229E-16 -0.74079930E+01  0.33847991E-17
    1901 -0.72887738E+01 -0.12649120E-16 -0.74079930E+01  0.33847991E-17
    1902 -0.72892775E+01 -0.12649274E-16 -0.74079930E+01  0.33847991E-17
    1903 -0.72897418E+01 -0.12649277E-16 -0.74079930E+01  0.33847991E-17
    1904 -0.72901719E+01 -0.12649314E-16 -0.74079930E+01  0.33847991E-17
    1905 -0.72906412E+01 -0.12649301E-16 -0.74079930E+01  0.33847991E-17
    1906 -0.72910780E+01 -0.12649271E-16 -0.74079930E+01  0.33847991E-17
    1907 -0.72915123E+01 -0.12649327E-16 -0.74079930E+01  0.33847991E-17
    1908 -0.72919684E+01 -0.12649380E-16 -0.74079930E+01  0.33847991E-17
    1909 -0.72924106E+01 -0.12649418E-16 -0.74079930E+01  0.33847991E-17
    1910 -0.72928804E+01 -0.12649479E-16 -0.74079930E+01  0.33847991E-17
    1911 -0.72933356E+01 -0.12649629E-16 -0.74079930E+01  0.33847991E-17
    1912 -0.72937666E+01 -0.12649744E-16 -0.74079930E+01  0.33847991E-17
    1913 -0.72942055E+01 -0.12649860E-16 -0.74079930E+01  0.33847991E-17
    1914 -0.72946397E+01 -0.12649872E-16 -0.74079930E+01  0.33847991E-17
    1915 -0.72950969E+01 -0.12649831E-16 -0.74079930E+01  0.33847991E-17
    1916 -0.72955470E+01 -0.12649968E-16 -0.74079930E+01  0.33847991E-17
    1917 -0.72960264E+01 -0.12649839E-16 -0.74079930E+01  0.33847991E-17
    1918 -0.72964808E+01 -0.12650066E-16 -0.74079930E+01  0.33847991E-17
    1919 -0.72969326E+01 -0.12650075E-16 -0.74079930E+01  0.33847991E-17
    1920 -0.72973684E+01 -0.12650004E-16 -0.74079930E+01  0.33847991E-17
    1921 -0.72978077E+01 -0.12650080E-16 -0.74079930E+01  0.33847991E-17
    1922 -0.72982557E+01 -0.12650075E-16 -0.74079930E+01  0.33847991E-17
    1923 -0.72987162E+01 -0.12650213E-16 -0.74079930E+01  0.33847991E-17
    1924 -0.72991864E+01 -0.12650404E-16 -0.74079930E+01  0.33847991E-17
    1925 -0.72996529E+01 -0.12650533E-16 -0.74079930E+01  0.33847991E-17
    1926 -0.73001002E+01 -0.12650612E-16 -0.74079930E+01  0.33847991E-17
    1927 -0.73005524E+01 -0.12650661E-16 -0.74079930E+01  0.33847991E-17
    1928 -0.73010026E+01 -0.12650527E-16 -0.74079930E+01  0.33847991E-17
    1929 -0.73014628E+01 -0.12650582E-16 -0.74079930E+01  0.33847991E-17
    1930 -0.73019186E+01 -0.12650665E-16 -0.74079930E+01  0.33847991E-17
    1931 -0.73023755E+01 -0.12650609E-16 -0.74079930E+01  0.33847991E-17
    1932 -0.73028025E+01 -0.12650744E-16 -0.74079930E+01  0.33847991E-17
    1933 -0.73032391E+01 -0.12650785E-16 -0.74079930E+01  0.33847991E-17
    1934 -0.73037039E+01 -0.12650894E-16 -0.74079930E+01  0.33847991E-17
    1935 -0.73041402E+01 -0.12650946E-16 -0.74079930E+01  0.33847991E-17
    1936 -0.73045682E+01 -0.12650906E-16 -0.74079930E+01  0.33847991E-17
    1937 -0.73049939E+01 -0.12650875E-16 -0.74079930E+01  0.33847991E-17
    1938 -0.73054489E+01 -0.12650879E-16 -0.74079930E+01  0.33847991E-17
    1939 -0.73059169E+01 -0.12650753E-16 -0.74079930E+01  0.33847991E-17
    1940 -0.73063709E+01 -0.12650595E-16 -0.74079930E+01  0.33847991E-17
    1941 -0.73068202E+01 -0.12650671E-16 -0.74079930E+01  0.33847991E-17
    1942 -0.73072413E+01 -0.12650590E-16 -0.74079930E+01  0.33847991E-17
    1943 -0.73076745E+01 -0.12650699E-16 -0.74079930E+01  0.33847991E-17
    1944 -0.73081481E+01 -0.12650803E-16 -0.74079930E+01  0.33847991E-17
    1945 -0.73085956E+01 -0.12650540E-16 -0.74079930E+01  0.33847991E-17
    1946 -0.73090266E+01 -0.12650458E-16 -0.74079930E+01  0.33847991E-17
    1947 -0.73094875E+01 -0.12650528E-16 -0.74079930E+01  0.33847991E-17
    1948 -0.73099317E+01 -0.12650581E-16 -0.74079930E+01  0.33847991E-17
    1949 -0.73103764E+01 -0.12650616E-16 -0.74079930E+01  0.33847991E-17
    1950 -0.73108316E+01 -0.12650586E-16 -0.74079930E+01  0.33847991E-17
    1951 -0.73112691E+01 -0.12650614E-16 -0.74079930E+01  0.33847991E-17
    1952 -0.73116940E+01 -0.12650655E-16 -0.74079930E+01  0.33847991E-17
    1953 -0.73120848E+01 -0.12650662E-16 -0.74079930E+01  0.33847991E-17
    1954 -0.73125168E+01 -0.12650601E-16 -0.74079930E+01  0.33847991E-17
    1955 -0.73129326E+01 -0.12650454E-16 -0.74079930E+01  0.33847991E-17
    1956 -0.73133726E+01 -0.12650440E-16 -0.74079930E+01  0.33847991E-17
    1957 -0.73138087E+01 -0.12650532E-16 -0.74079930E+01  0.33847991E-17
    1958 -0.73142420E+01 -0.12650476E-16 -0.74079930E+01  0.33847991E-17
    1959 -0.73146707E+01 -0.12650538E-16 -0.74079930E+01  0.33847991E-17
    1960 -0.73150947E+01 -0.12650559E-16 -0.74079930E+01  0.33847991E-17
    1961 -0.73155027E+01 -0.12650422E-16 -0.74079930E+01  0.33847991E-17
    1962 -0.73159276E+01 -0.12650647E-16 -0.74079930E+01  0.33847991E-17
    1963 -0.73163514E+01 -0.12650754E-16 -0.74079930E+01  0.33847991E-17
    1964 -0.73167938E+01 -0.12650767E-16 -0.74079930E+01  0.33847991E-17
    1965 -0.73172276E+01 -0.12650865E-16 -0.74079930E+01  0.33847991E-17
    1966 -0.73176289E+01 -0.12650837E-16 -0.74079930E+01  0.33847991E-17
    1967 -0.73180544E+01 -0.12650933E-16 -0.74079930E+01  0.33847991E-17
    1968 -0.73184887E+01 -0.12651173E-16 -0.74079930E+01  0.33847991E-17
    1969 -0.73189127E+01 -0.12651336E-16 -0.74079930E+01  0.33847991E-17
    1970 -0.73193484E+01 -0.12651430E-16 -0.74079930E+01  0.33847991E-17
    1971 -0.73198023E+01 -0.12651659E-16 -0.74079930E+01  0.33847991E-17
    1972 -0.73202224E+01 -0.12651709E-16 -0.74079930E+01  0.33847991E-17
    1973 -0.73206357E+01 -0.12651687E-16 -0.74079930E+01  0.33847991E-17
    1974 -0.73210464E+01 -0.12651776E-16 -0.74079930E+01  0.33847991E-17
    1975 -0.73214218E+01 -0.12651796E-16 -0.74079930E+01  0.33847991E-17
    1976 -0.73218390E+01 -0.12651837E-16 -0.74079930E+01  0.33847991E-17
    1977 -0.73222543E+01 -0.12651888E-16 -0.74079930E+01  0.33847991E-17
    1978 -0.73226648E+01 -0.12652008E-16 -0.74079930E+01  0.33847991E-17
    1979 -0.73230494E+01 -0.12651948E-16 -0.74079930E+01  0.33847991E-17
    1980 -0.73234541E+01 -0.12652035E-16 -0.74079930E+01  0.33847991E-17
    1981 -0.73238801E+01 -0.12652128E-16 -0.74079930E+01  0.33847991E-17
    1982 -0.73242952E+01 -0.12652325E-16 -0.74079930E+01  0.33847991E-17
    1983 -0.73247171E+01 -0.12652553E-16 -0.74079930E+01  0.33847991E-17
    1984 -0.73251167E+01 -0.12652609E-16 -0.74079930E+01  0.33847991E-17
    1985 -0.73255125E+01 -0.12652655E-16 -0.74079930E+01  0.33847991E-17
    1986 -0.73259572E+01 -0.12652947E-16 -0.74079930E+01  0.33847991E-17
    1987 -0.73263964E+01 -0.12653005E-16 -0.74079930E+01  0.33847991E-17
    1988 -0.73267987E+01 -0.12652968E-16 -0.74079930E+01  0.33847991E-17
    1989 -0.73272225E+01 -0.12653011E-16 -0.74079930E+01  0.33847991E-17
    1990 -0.73276238E+01 -0.12653084E-16 -0.74079930E+01  0.33847991E-17
    1991 -0.73280589E+01 -0.12653203E-16 -0.74079930E+01  0.33847991E-17
    1992 -0.73284805E+01 -0.12653474E-16 -0.74079930E+01  0.33847991E-17
    1993 -0.73289121E+01 -0.12653650E-16 -0.74079930E+01  0.33847991E-17
    1994 -0.73293416E+01 -0.12653591E-16 -0.74079930E+01  0.33847991E-17
    1995 -0.73297512E+01 -0.12653651E-16 -0.74079930E+01  0.33847991E-17
    1996 -0.73301508E+01 -0.12653718E-16 -0.74079930E+01  0.33847991E-17
    1997 -0.73305653E+01 -0.12653645E-16 -0.74079930E+01  0.33847991E-17
    1998 -0.73309684E+01 -0.12653615E-16 -0.74079930E+01  0.33847991E-17
    1999 -0.73313882E+01 -0.12653544E-16 -0.74079930E+01  0.33847991E-17
    2000 -0.73317942E+01 -0.12653527E-16 -0.74079930E+01  0.33847991E-17
    2001 -0.73321726E+01 -0.12653483E-16 -0.74079930E+01  0.33847991E-17
    2002 -0.73325852E+01 -0.12653534E-16 -0.74079930E+01  0.33847991E-17
    2003 -0.73329793E+01 -0.12653533E-16 -0.74079930E+01  0.33847991E-17
    2004 -0.73334321E+01 -0.12653812E-16 -0.74079930E+01  0.33847991E-17
    2005 -0.73338625E+01 -0.12654053E-16 -0.74079930E+01  0.33847991E-17
    2006 -0.73342817E+01 -0.12654196E-16 -0.74079930E+01  0.33847991E-17
    2007 -0.73346986E+01 -0.12654157E-16 -0.74079930E+01  0.33847991E-17
    2008 -0.73351106E+01 -0.12654135E-16 -0.74079930E+01  0.33847991E-17
    2009 -0.73355171E+01 -0.12654178E-16 -0.74079930E+01  0.33847991E-17
    2010 -0.73359385E+01 -0.12654240E-16 -0.74079930E+01  0.33847991E-17
    2011 -0.73363640E+01 -0.12654318E-16 -0.74079930E+01  0.33847991E-17
    2012 -0.73367574E+01 -0.12654285E-16 -0.74079930E+01  0.33847991E-17
    2013 -0.73371927E+01 -0.12654213E-16 -0.74079930E+01  0.33847991E-17
    2014 -0.73376521E+01 -0.12654079E-16 -0.74079930E+01  0.33847991E-17
    2015 -0.73380648E+01 -0.12654020E-16 -0.74079930E+01  0.33847991E-17
    2016 -0.73384548E+01 -0.12654051E-16 -0.74079930E+01  0.33847991E-17
    2017 -0.73388703E+01 -0.12654121E-16 -0.74079930E+01  0.33847991E-17
    2018 -0.73392617E+01 -0.12654134E-16 -0.74079930E+01  0.33847991E-17
    2019 -0.73396950E+01 -0.12654173E-16 -0.74079930E+01  0.33847991E-17
    2020 -0.73401158E+01 -0.12654242E-16 -0.74079930E+01  0.33847991E-17
    2021 -0.73405295E+01 -0.12654306E-16 -0.74079930E+01  0.33847991E-17
    2022 -0.73409590E+01 -0.12654327E-16 -0.74079930E+01  0.33847991E-17
    2023 -0.73413587E+01 -0.12654331E-16 -0.74079930E+01  0.33847991E-17
    2024 -0.73417747E+01 -0.12654474E-16 -0.74079930E+01  0.33847991E-17
    2025 -0.73422061E+01 -0.12654483E-16 -0.74079930E+01  0.33847991E-17
    2026 -0.73426119E+01 -0.12654564E-16 -0.74079930E+01  0.33847991E-17
    2027 -0.73430241E+01 -0.12654565E-16 -0.74079930E+01  0.33847991E-17
    2028 -0.73434430E+01 -0.12654582E-16 -0.74079930E+01  0.33847991E-17
    2029 -0.73438705E+01 -0.12654634E-16 -0.74079930E+01  0.33847991E-17
    2030 -0.73443109E+01 -0.12654741E-16 -0.74079930E+01  0.33847991E-17
    2031 -0.73447113E+01 -0.12654787E-16 -0.74079930E+01  0.33847991E-17
    2032 -0.73451011E+01 -0.12655020E-16 -0.74079930E+01  0.33847991E-17
    2033 -0.73455043E+01 -0.12655075E-16 -0.74079930E+01  0.33847991E-17
    2034 -0.73459043E+01 -0.12655110E-16 -0.74079930E+01  0.33847991E-17
    2035 -0.73463265E+01 -0.12655314E-16 -0.74079930E+01  0.33847991E-17
    2036 -0.73467620E+01 -0.12655407E-16 -0.74079930E+01  0.33847991E-17
    2037 -0.73471809E+01 -0.12655470E-16 -0.74079930E+01  0.33847991E-17
    2038 -0.73475807E+01 -0.12655527E-16 -0.74079930E+01  0.33847991E-17
    2039 -0.73479926E+01 -0.12655535E-16 -0.74079930E+01  0.33847991E-17
    2040 -0.73484193E+01 -0.12655568E-16 -0.74079930E+01  0.33847991E-17
    2041 -0.73488127E+01 -0.12655621E-16 -0.74079930E+01  0.33847991E-17
    2042 -0.73493091E+01 -0.12656718E-16 -0.74079930E+01  0.33847991E-17
    2043 -0.73497602E+01 -0.12656787E-16 -0.74079930E+01  0.33847991E-17
    2044 -0.73501683E+01 -0.12656983E-16 -0.74079930E+01  0.33847991E-17
    2045 -0.73506134E+01 -0.12657097E-16 -0.74079930E+01  0.33847991E-17
    2046 -0.73510302E+01 -0.12657242E-16 -0.74079930E+01  0.33847991E-17
    2047 -0.73514582E+01 -0.12657272E-16 -0.74079930E+01  0.33847991E-17
    2048 -0.73518508E+01 -0.12657292E-16 -0.74079930E+01  0.33847991E-17
