n ch_hole col3 col4 col5
    1000 -0.69113525E+01 -0.10443132E-16 -0.76022393E+01  0.76188636E-17
    1001 -0.69123530E+01 -0.10444086E-16 -0.76022393E+01  0.76188636E-17
    1002 -0.69142828E+01 -0.10445441E-16 -0.76022393E+01  0.76188636E-17
    1003 -0.69158605E+01 -0.10445940E-16 -0.76022393E+01  0.76188636E-17
    1004 -0.69167895E+01 -0.10446374E-16 -0.76022393E+01  0.76188636E-17
    1005 -0.69176814E+01 -0.10447587E-16 -0.76022393E+01  0.76188636E-17
    1006 -0.69188481E+01 -0.10450274E-16 -0.76022393E+01  0.76188636E-17
    1007 -0.69197458E+01 -0.10452787E-16 -0.76022393E+01  0.76188636E-17
    1008 -0.69207573E+01 -0.10454052E-16 -0.76022393E+01  0.76188636E-17
    1009 -0.69218428E+01 -0.10455463E-16 -0.76022393E+01  0.76188636E-17
    1010 -0.69230267E+01 -0.10455613E-16 -0.76022393E+01  0.76188636E-17
    1011 -0.69240640E+01 -0.10456671E-16 -0.76022393E+01  0.76188636E-17
    1012 -0.69257219E+01 -0.10457033E-16 -0.76022393E+01  0.76188636E-17
    1013 -0.69271143E+01 -0.10457923E-16 -0.76022393E+01  0.76188636E-17
    1014 -0.69282503E+01 -0.10457256E-16 -0.76022393E+01  0.76188636E-17
    1015 -0.69294532E+01 -0.10457279E-16 -0.76022393E+01  0.76188636E-17
    1016 -0.69308115E+01 -0.10458465E-16 -0.76022393E+01  0.76188636E-17
    1017 -0.69320105E+01 -0.10458794E-16 -0.76022393E+01  0.76188636E-17
    1018 -0.69329412E+01 -0.10458684E-16 -0.76022393E+01  0.76188636E-17
    1019 -0.69337766E+01 -0.10458871E-16 -0.76022393E+01  0.76188636E-17
    1020 -0.69349302E+01 -0.10458702E-16 -0.76022393E+01  0.76188636E-17
    1021 -0.69361577E+01 -0.10458586E-16 -0.76022393E+01  0.76188636E-17
    1022 -0.69371246E+01 -0.10458230E-16 -0.76022393E+01  0.76188636E-17
    1023 -0.69383077E+01 -0.10458669E-16 -0.76022393E+01  0.76188636E-17
    1024 -0.69392363E+01 -0.10458033E-16 -0.76022393E+01  0.76188636E-17
    1025 -0.69401377E+01 -0.10457526E-16 -0.76022393E+01  0.76188636E-17
    1026 -0.69410954E+01 -0.10456671E-16 -0.76022393E+01  0.76188636E-17
    1027 -0.69418992E+01 -0.10456085E-16 -0.76022393E+01  0.76188636E-17
    1028 -0.69428253E+01 -0.10455190E-16 -0.76022393E+01  0.76188636E-17
    1029 -0.69435963E+01 -0.10455244E-16 -0.76022393E+01  0.76188636E-17
    1030 -0.69445163E+01 -0.10454089E-16 -0.76022393E+01  0.76188636E-17
    1031 -0.69452477E+01 -0.10453862E-16 -0.76022393E+01  0.76188636E-17
    1032 -0.69461810E+01 -0.10454270E-16 -0.76022393E+01  0.76188636E-17
    1033 -0.69471721E+01 -0.10454742E-16 -0.76022393E+01  0.76188636E-17
    1034 -0.69482871E+01 -0.10454717E-16 -0.76022393E+01  0.76188636E-17
    1035 -0.69493455E+01 -0.10454391E-16 -0.76022393E+01  0.76188636E-17
    1036 -0.69503810E+01 -0.10453295E-16 -0.76022393E+01  0.76188636E-17
    1037 -0.69512438E+01 -0.10453259E-16 -0.76022393E+01  0.76188636E-17
    1038 -0.69521045E+01 -0.10452884E-16 -0.76022393E+01  0.76188636E-17
    1039 -0.69531278E+01 -0.10451696E-16 -0.76022393E+01  0.76188636E-17
    1040 -0.69542139E+01 -0.10453013E-16 -0.76022393E+01  0.76188636E-17
    1041 -0.69556397E+01 -0.10451488E-16 -0.76022393E+01  0.76188636E-17
    1042 -0.69564820E+01 -0.10451354E-16 -0.76022393E+01  0.76188636E-17
    1043 -0.69574349E+01 -0.10451823E-16 -0.76022393E+01  0.76188636E-17
    1044 -0.69580587E+01 -0.10451884E-16 -0.76022393E+01  0.76188636E-17
    1045 -0.69588580E+01 -0.10451949E-16 -0.76022393E+01  0.76188636E-17
    1046 -0.69596676E+01 -0.10452107E-16 -0.76022393E+01  0.76188636E-17
    1047 -0.69605604E+01 -0.10451915E-16 -0.76022393E+01  0.76188636E-17
    1048 -0.69617090E+01 -0.10451890E-16 -0.76022393E+01  0.76188636E-17
    1049 -0.69631242E+01 -0.10449649E-16 -0.76022393E+01  0.76188636E-17
    1050 -0.69643470E+01 -0.10448281E-16 -0.76022393E+01  0.76188636E-17
    1051 -0.69656557E+01 -0.10449657E-16 -0.76022393E+01  0.76188636E-17
    1052 -0.69666064E+01 -0.10449533E-16 -0.76022393E+01  0.76188636E-17
    1053 -0.69684191E+01 -0.10450382E-16 -0.76022393E+01  0.76188636E-17
    1054 -0.69692708E+01 -0.10449574E-16 -0.76022393E+01  0.76188636E-17
    1055 -0.69703692E+01 -0.10448453E-16 -0.76022393E+01  0.76188636E-17
    1056 -0.69712498E+01 -0.10447295E-16 -0.76022393E+01  0.76188636E-17
    1057 -0.69720785E+01 -0.10446690E-16 -0.76022393E+01  0.76188636E-17
    1058 -0.69728920E+01 -0.10445388E-16 -0.76022393E+01  0.76188636E-17
    1059 -0.69735721E+01 -0.10445136E-16 -0.76022393E+01  0.76188636E-17
    1060 -0.69742322E+01 -0.10445151E-16 -0.76022393E+01  0.76188636E-17
    1061 -0.69748944E+01 -0.10444684E-16 -0.76022393E+01  0.76188636E-17
    1062 -0.69755622E+01 -0.10444313E-16 -0.76022393E+01  0.76188636E-17
    1063 -0.69762478E+01 -0.10443851E-16 -0.76022393E+01  0.76188636E-17
    1064 -0.69771412E+01 -0.10443964E-16 -0.76022393E+01  0.76188636E-17
    1065 -0.69779431E+01 -0.10443268E-16 -0.76022393E+01  0.76188636E-17
    1066 -0.69789284E+01 -0.10444631E-16 -0.76022393E+01  0.76188636E-17
    1067 -0.69798877E+01 -0.10444533E-16 -0.76022393E+01  0.76188636E-17
    1068 -0.69809551E+01 -0.10443659E-16 -0.76022393E+01  0.76188636E-17
    1069 -0.69823317E+01 -0.10444045E-16 -0.76022393E+01  0.76188636E-17
    1070 -0.69833119E+01 -0.10444952E-16 -0.76022393E+01  0.76188636E-17
    1071 -0.69843738E+01 -0.10445850E-16 -0.76022393E+01  0.76188636E-17
    1072 -0.69853783E+01 -0.10445759E-16 -0.76022393E+01  0.76188636E-17
    1073 -0.69862625E+01 -0.10445305E-16 -0.76022393E+01  0.76188636E-17
    1074 -0.69870824E+01 -0.10445191E-16 -0.76022393E+01  0.76188636E-17
    1075 -0.69881559E+01 -0.10445811E-16 -0.76022393E+01  0.76188636E-17
    1076 -0.69891394E+01 -0.10445096E-16 -0.76022393E+01  0.76188636E-17
    1077 -0.69900814E+01 -0.10445095E-16 -0.76022393E+01  0.76188636E-17
    1078 -0.69909140E+01 -0.10445279E-16 -0.76022393E+01  0.76188636E-17
    1079 -0.69916930E+01 -0.10445303E-16 -0.76022393E+01  0.76188636E-17
    1080 -0.69925538E+01 -0.10444761E-16 -0.76022393E+01  0.76188636E-17
    1081 -0.69933178E+01 -0.10444849E-16 -0.76022393E+01  0.76188636E-17
    1082 -0.69940747E+01 -0.10444596E-16 -0.76022393E+01  0.76188636E-17
    1083 -0.69950302E+01 -0.10444597E-16 -0.76022393E+01  0.76188636E-17
    1084 -0.69956938E+01 -0.10444264E-16 -0.76022393E+01  0.76188636E-17
    1085 -0.69962972E+01 -0.10444498E-16 -0.76022393E+01  0.76188636E-17
    1086 -0.69970511E+01 -0.10444298E-16 -0.76022393E+01  0.76188636E-17
    1087 -0.69978461E+01 -0.10444086E-16 -0.76022393E+01  0.76188636E-17
    1088 -0.69987595E+01 -0.10444433E-16 -0.76022393E+01  0.76188636E-17
    1089 -0.69997035E+01 -0.10444533E-16 -0.76022393E+01  0.76188636E-17
    1090 -0.70005412E+01 -0.10444394E-16 -0.76022393E+01  0.76188636E-17
    1091 -0.70013292E+01 -0.10444923E-16 -0.76022393E+01  0.76188636E-17
    1092 -0.70022839E+01 -0.10444893E-16 -0.76022393E+01  0.76188636E-17
    1093 -0.70029624E+01 -0.10445249E-16 -0.76022393E+01  0.76188636E-17
    1094 -0.70037457E+01 -0.10445758E-16 -0.76022393E+01  0.76188636E-17
    1095 -0.70044816E+01 -0.10446013E-16 -0.76022393E+01  0.76188636E-17
    1096 -0.70052327E+01 -0.10446030E-16 -0.76022393E+01  0.76188636E-17
    1097 -0.70060885E+01 -0.10446021E-16 -0.76022393E+01  0.76188636E-17
    1098 -0.70070317E+01 -0.10445557E-16 -0.76022393E+01  0.76188636E-17
    1099 -0.70078096E+01 -0.10445741E-16 -0.76022393E+01  0.76188636E-17
    1100 -0.70085285E+01 -0.10445759E-16 -0.76022393E+01  0.76188636E-17
    1101 -0.70091232E+01 -0.10445784E-16 -0.76022393E+01  0.76188636E-17
    1102 -0.70099978E+01 -0.10445660E-16 -0.76022393E+01  0.76188636E-17
    1103 -0.70107829E+01 -0.10445930E-16 -0.76022393E+01  0.76188636E-17
    1104 -0.70116467E+01 -0.10445658E-16 -0.76022393E+01  0.76188636E-17
    1105 -0.70123377E+01 -0.10445105E-16 -0.76022393E+01  0.76188636E-17
    1106 -0.70131401E+01 -0.10445217E-16 -0.76022393E+01  0.76188636E-17
    1107 -0.70138350E+01 -0.10445305E-16 -0.76022393E+01  0.76188636E-17
    1108 -0.70145625E+01 -0.10445437E-16 -0.76022393E+01  0.76188636E-17
    1109 -0.70151626E+01 -0.10445282E-16 -0.76022393E+01  0.76188636E-17
    1110 -0.70159762E+01 -0.10445142E-16 -0.76022393E+01  0.76188636E-17
    1111 -0.70167959E+01 -0.10445050E-16 -0.76022393E+01  0.76188636E-17
    1112 -0.70176453E+01 -0.10444829E-16 -0.76022393E+01  0.76188636E-17
    1113 -0.70183205E+01 -0.10444557E-16 -0.76022393E+01  0.76188636E-17
    1114 -0.70189881E+01 -0.10444437E-16 -0.76022393E+01  0.76188636E-17
    1115 -0.70198138E+01 -0.10443833E-16 -0.76022393E+01  0.76188636E-17
    1116 -0.70206997E+01 -0.10441615E-16 -0.76022393E+01  0.76188636E-17
    1117 -0.70214714E+01 -0.10441778E-16 -0.76022393E+01  0.76188636E-17
    1118 -0.70222766E+01 -0.10441730E-16 -0.76022393E+01  0.76188636E-17
    1119 -0.70230095E+01 -0.10441692E-16 -0.76022393E+01  0.76188636E-17
    1120 -0.70237429E+01 -0.10441872E-16 -0.76022393E+01  0.76188636E-17
    1121 -0.70243539E+01 -0.10441517E-16 -0.76022393E+01  0.76188636E-17
    1122 -0.70250162E+01 -0.10441056E-16 -0.76022393E+01  0.76188636E-17
    1123 -0.70257236E+01 -0.10440714E-16 -0.76022393E+01  0.76188636E-17
    1124 -0.70269217E+01 -0.10441282E-16 -0.76022393E+01  0.76188636E-17
    1125 -0.70281425E+01 -0.10442612E-16 -0.76022393E+01  0.76188636E-17
    1126 -0.70290945E+01 -0.10442603E-16 -0.76022393E+01  0.76188636E-17
    1127 -0.70300352E+01 -0.10443417E-16 -0.76022393E+01  0.76188636E-17
    1128 -0.70306807E+01 -0.10443122E-16 -0.76022393E+01  0.76188636E-17
    1129 -0.70313634E+01 -0.10443054E-16 -0.76022393E+01  0.76188636E-17
    1130 -0.70319966E+01 -0.10443133E-16 -0.76022393E+01  0.76188636E-17
    1131 -0.70329455E+01 -0.10442441E-16 -0.76022393E+01  0.76188636E-17
    1132 -0.70336218E+01 -0.10442259E-16 -0.76022393E+01  0.76188636E-17
    1133 -0.70343029E+01 -0.10442169E-16 -0.76022393E+01  0.76188636E-17
    1134 -0.70350530E+01 -0.10442384E-16 -0.76022393E+01  0.76188636E-17
    1135 -0.70358062E+01 -0.10442835E-16 -0.76022393E+01  0.76188636E-17
    1136 -0.70366908E+01 -0.10442370E-16 -0.76022393E+01  0.76188636E-17
    1137 -0.70375166E+01 -0.10442488E-16 -0.76022393E+01  0.76188636E-17
    1138 -0.70382491E+01 -0.10442745E-16 -0.76022393E+01  0.76188636E-17
    1139 -0.70389981E+01 -0.10442871E-16 -0.76022393E+01  0.76188636E-17
    1140 -0.70398952E+01 -0.10443513E-16 -0.76022393E+01  0.76188636E-17
    1141 -0.70407832E+01 -0.10443947E-16 -0.76022393E+01  0.76188636E-17
    1142 -0.70419499E+01 -0.10443851E-16 -0.76022393E+01  0.76188636E-17
    1143 -0.70429409E+01 -0.10444177E-16 -0.76022393E+01  0.76188636E-17
    1144 -0.70436732E+01 -0.10444258E-16 -0.76022393E+01  0.76188636E-17
    1145 -0.70443599E+01 -0.10444185E-16 -0.76022393E+01  0.76188636E-17
    1146 -0.70450141E+01 -0.10444113E-16 -0.76022393E+01  0.76188636E-17
    1147 -0.70457251E+01 -0.10443887E-16 -0.76022393E+01  0.76188636E-17
    1148 -0.70462956E+01 -0.10443604E-16 -0.76022393E+01  0.76188636E-17
    1149 -0.70469137E+01 -0.10443397E-16 -0.76022393E+01  0.76188636E-17
    1150 -0.70475798E+01 -0.10443131E-16 -0.76022393E+01  0.76188636E-17
    1151 -0.70482627E+01 -0.10443108E-16 -0.76022393E+01  0.76188636E-17
    1152 -0.70489501E+01 -0.10443202E-16 -0.76022393E+01  0.76188636E-17
    1153 -0.70497244E+01 -0.10443317E-16 -0.76022393E+01  0.76188636E-17
    1154 -0.70504152E+01 -0.10442985E-16 -0.76022393E+01  0.76188636E-17
    1155 -0.70511633E+01 -0.10442543E-16 -0.76022393E+01  0.76188636E-17
    1156 -0.70519189E+01 -0.10442304E-16 -0.76022393E+01  0.76188636E-17
    1157 -0.70527445E+01 -0.10442627E-16 -0.76022393E+01  0.76188636E-17
    1158 -0.70535378E+01 -0.10442657E-16 -0.76022393E+01  0.76188636E-17
    1159 -0.70542255E+01 -0.10442819E-16 -0.76022393E+01  0.76188636E-17
    1160 -0.70556260E+01 -0.10443126E-16 -0.76022393E+01  0.76188636E-17
    1161 -0.70568549E+01 -0.10444106E-16 -0.76022393E+01  0.76188636E-17
    1162 -0.70576310E+01 -0.10444356E-16 -0.76022393E+01  0.76188636E-17
    1163 -0.70584295E+01 -0.10444915E-16 -0.76022393E+01  0.76188636E-17
    1164 -0.70590946E+01 -0.10445514E-16 -0.76022393E+01  0.76188636E-17
    1165 -0.70597593E+01 -0.10445749E-16 -0.76022393E+01  0.76188636E-17
    1166 -0.70605019E+01 -0.10446132E-16 -0.76022393E+01  0.76188636E-17
    1167 -0.70613510E+01 -0.10446289E-16 -0.76022393E+01  0.76188636E-17
    1168 -0.70623578E+01 -0.10448115E-16 -0.76022393E+01  0.76188636E-17
    1169 -0.70632728E+01 -0.10450037E-16 -0.76022393E+01  0.76188636E-17
    1170 -0.70641770E+01 -0.10451320E-16 -0.76022393E+01  0.76188636E-17
    1171 -0.70651753E+01 -0.10452020E-16 -0.76022393E+01  0.76188636E-17
    1172 -0.70660379E+01 -0.10452295E-16 -0.76022393E+01  0.76188636E-17
    1173 -0.70668775E+01 -0.10452498E-16 -0.76022393E+01  0.76188636E-17
    1174 -0.70679447E+01 -0.10452149E-16 -0.76022393E+01  0.76188636E-17
    1175 -0.70688153E+01 -0.10452045E-16 -0.76022393E+01  0.76188636E-17
    1176 -0.70696640E+01 -0.10452074E-16 -0.76022393E+01  0.76188636E-17
    1177 -0.70704602E+01 -0.10452098E-16 -0.76022393E+01  0.76188636E-17
    1178 -0.70711309E+01 -0.10452105E-16 -0.76022393E+01  0.76188636E-17
    1179 -0.70719811E+01 -0.10451676E-16 -0.76022393E+01  0.76188636E-17
    1180 -0.70726596E+01 -0.10451906E-16 -0.76022393E+01  0.76188636E-17
    1181 -0.70734361E+01 -0.10452079E-16 -0.76022393E+01  0.76188636E-17
    1182 -0.70742801E+01 -0.10452475E-16 -0.76022393E+01  0.76188636E-17
    1183 -0.70754145E+01 -0.10453522E-16 -0.76022393E+01  0.76188636E-17
    1184 -0.70763854E+01 -0.10453138E-16 -0.76022393E+01  0.76188636E-17
    1185 -0.70773404E+01 -0.10454162E-16 -0.76022393E+01  0.76188636E-17
    1186 -0.70781304E+01 -0.10454424E-16 -0.76022393E+01  0.76188636E-17
    1187 -0.70788480E+01 -0.10454709E-16 -0.76022393E+01  0.76188636E-17
    1188 -0.70797880E+01 -0.10454985E-16 -0.76022393E+01  0.76188636E-17
    1189 -0.70807716E+01 -0.10455262E-16 -0.76022393E+01  0.76188636E-17
    1190 -0.70816123E+01 -0.10455739E-16 -0.76022393E+01  0.76188636E-17
    1191 -0.70826837E+01 -0.10456220E-16 -0.76022393E+01  0.76188636E-17
    1192 -0.70838844E+01 -0.10457114E-16 -0.76022393E+01  0.76188636E-17
    1193 -0.70846238E+01 -0.10457325E-16 -0.76022393E+01  0.76188636E-17
    1194 -0.70854994E+01 -0.10456515E-16 -0.76022393E+01  0.76188636E-17
    1195 -0.70863438E+01 -0.10456082E-16 -0.76022393E+01  0.76188636E-17
    1196 -0.70871879E+01 -0.10455658E-16 -0.76022393E+01  0.76188636E-17
    1197 -0.70880355E+01 -0.10455386E-16 -0.76022393E+01  0.76188636E-17
    1198 -0.70890279E+01 -0.10455465E-16 -0.76022393E+01  0.76188636E-17
    1199 -0.70898315E+01 -0.10455236E-16 -0.76022393E+01  0.76188636E-17
    1200 -0.70906141E+01 -0.10455438E-16 -0.76022393E+01  0.76188636E-17
    1201 -0.70913476E+01 -0.10455263E-16 -0.76022393E+01  0.76188636E-17
    1202 -0.70921286E+01 -0.10454981E-16 -0.76022393E+01  0.76188636E-17
    1203 -0.70928710E+01 -0.10454762E-16 -0.76022393E+01  0.76188636E-17
    1204 -0.70936492E+01 -0.10454304E-16 -0.76022393E+01  0.76188636E-17
    1205 -0.70943131E+01 -0.10454538E-16 -0.76022393E+01  0.76188636E-17
    1206 -0.70950295E+01 -0.10454562E-16 -0.76022393E+01  0.76188636E-17
    1207 -0.70957281E+01 -0.10454773E-16 -0.76022393E+01  0.76188636E-17
    1208 -0.70966627E+01 -0.10454361E-16 -0.76022393E+01  0.76188636E-17
    1209 -0.70974223E+01 -0.10454469E-16 -0.76022393E+01  0.76188636E-17
    1210 -0.70981425E+01 -0.10454369E-16 -0.76022393E+01  0.76188636E-17
    1211 -0.70990020E+01 -0.10454093E-16 -0.76022393E+01  0.76188636E-17
    1212 -0.70998008E+01 -0.10454298E-16 -0.76022393E+01  0.76188636E-17
    1213 -0.71006511E+01 -0.10454407E-16 -0.76022393E+01  0.76188636E-17
    1214 -0.71017931E+01 -0.10454232E-16 -0.76022393E+01  0.76188636E-17
    1215 -0.71029000E+01 -0.10454625E-16 -0.76022393E+01  0.76188636E-17
    1216 -0.71042677E+01 -0.10455000E-16 -0.76022393E+01  0.76188636E-17
    1217 -0.71051322E+01 -0.10454747E-16 -0.76022393E+01  0.76188636E-17
    1218 -0.71058742E+01 -0.10454628E-16 -0.76022393E+01  0.76188636E-17
    1219 -0.71067322E+01 -0.10454682E-16 -0.76022393E+01  0.76188636E-17
    1220 -0.71077114E+01 -0.10454601E-16 -0.76022393E+01  0.76188636E-17
    1221 -0.71084200E+01 -0.10454728E-16 -0.76022393E+01  0.76188636E-17
    1222 -0.71092742E+01 -0.10454798E-16 -0.76022393E+01  0.76188636E-17
    1223 -0.71101162E+01 -0.10455007E-16 -0.76022393E+01  0.76188636E-17
    1224 -0.71109533E+01 -0.10454770E-16 -0.76022393E+01  0.76188636E-17
    1225 -0.71120187E+01 -0.10454644E-16 -0.76022393E+01  0.76188636E-17
    1226 -0.71129163E+01 -0.10455036E-16 -0.76022393E+01  0.76188636E-17
    1227 -0.71139730E+01 -0.10455199E-16 -0.76022393E+01  0.76188636E-17
    1228 -0.71148982E+01 -0.10455285E-16 -0.76022393E+01  0.76188636E-17
    1229 -0.71161031E+01 -0.10456033E-16 -0.76022393E+01  0.76188636E-17
    1230 -0.71169471E+01 -0.10455665E-16 -0.76022393E+01  0.76188636E-17
    1231 -0.71179433E+01 -0.10455771E-16 -0.76022393E+01  0.76188636E-17
    1232 -0.71186953E+01 -0.10456321E-16 -0.76022393E+01  0.76188636E-17
    1233 -0.71194353E+01 -0.10456258E-16 -0.76022393E+01  0.76188636E-17
    1234 -0.71201010E+01 -0.10456093E-16 -0.76022393E+01  0.76188636E-17
    1235 -0.71210104E+01 -0.10455325E-16 -0.76022393E+01  0.76188636E-17
    1236 -0.71217159E+01 -0.10455099E-16 -0.76022393E+01  0.76188636E-17
    1237 -0.71224665E+01 -0.10455243E-16 -0.76022393E+01  0.76188636E-17
    1238 -0.71231708E+01 -0.10455213E-16 -0.76022393E+01  0.76188636E-17
    1239 -0.71239018E+01 -0.10455312E-16 -0.76022393E+01  0.76188636E-17
    1240 -0.71245935E+01 -0.10455556E-16 -0.76022393E+01  0.76188636E-17
    1241 -0.71253129E+01 -0.10455623E-16 -0.76022393E+01  0.76188636E-17
    1242 -0.71260022E+01 -0.10455444E-16 -0.76022393E+01  0.76188636E-17
    1243 -0.71266634E+01 -0.10455522E-16 -0.76022393E+01  0.76188636E-17
    1244 -0.71272994E+01 -0.10455771E-16 -0.76022393E+01  0.76188636E-17
    1245 -0.71281895E+01 -0.10456008E-16 -0.76022393E+01  0.76188636E-17
    1246 -0.71288398E+01 -0.10456183E-16 -0.76022393E+01  0.76188636E-17
    1247 -0.71294103E+01 -0.10456312E-16 -0.76022393E+01  0.76188636E-17
    1248 -0.71299365E+01 -0.10456519E-16 -0.76022393E+01  0.76188636E-17
    1249 -0.71306434E+01 -0.10456614E-16 -0.76022393E+01  0.76188636E-17
    1250 -0.71311414E+01 -0.10456621E-16 -0.76022393E+01  0.76188636E-17
    1251 -0.71317028E+01 -0.10456737E-16 -0.76022393E+01  0.76188636E-17
    1252 -0.71323797E+01 -0.10456648E-16 -0.76022393E+01  0.76188636E-17
    1253 -0.71330259E+01 -0.10456421E-16 -0.76022393E+01  0.76188636E-17
    1254 -0.71335990E+01 -0.10456401E-16 -0.76022393E+01  0.76188636E-17
    1255 -0.71342237E+01 -0.10456246E-16 -0.76022393E+01  0.76188636E-17
    1256 -0.71348334E+01 -0.10455840E-16 -0.76022393E+01  0.76188636E-17
    1257 -0.71356237E+01 -0.10456040E-16 -0.76022393E+01  0.76188636E-17
    1258 -0.71363374E+01 -0.10455649E-16 -0.76022393E+01  0.76188636E-17
    1259 -0.71369600E+01 -0.10455280E-16 -0.76022393E+01  0.76188636E-17
    1260 -0.71375863E+01 -0.10455282E-16 -0.76022393E+01  0.76188636E-17
    1261 -0.71383420E+01 -0.10454681E-16 -0.76022393E+01  0.76188636E-17
    1262 -0.71390126E+01 -0.10454556E-16 -0.76022393E+01  0.76188636E-17
    1263 -0.71398097E+01 -0.10454378E-16 -0.76022393E+01  0.76188636E-17
    1264 -0.71405978E+01 -0.10454234E-16 -0.76022393E+01  0.76188636E-17
    1265 -0.71413472E+01 -0.10453430E-16 -0.76022393E+01  0.76188636E-17
    1266 -0.71420437E+01 -0.10453331E-16 -0.76022393E+01  0.76188636E-17
    1267 -0.71427234E+01 -0.10452956E-16 -0.76022393E+01  0.76188636E-17
    1268 -0.71434707E+01 -0.10452939E-16 -0.76022393E+01  0.76188636E-17
    1269 -0.71440489E+01 -0.10452837E-16 -0.76022393E+01  0.76188636E-17
    1270 -0.71446385E+01 -0.10453023E-16 -0.76022393E+01  0.76188636E-17
    1271 -0.71452349E+01 -0.10452651E-16 -0.76022393E+01  0.76188636E-17
    1272 -0.71458898E+01 -0.10452397E-16 -0.76022393E+01  0.76188636E-17
    1273 -0.71465408E+01 -0.10452273E-16 -0.76022393E+01  0.76188636E-17
    1274 -0.71472718E+01 -0.10452192E-16 -0.76022393E+01  0.76188636E-17
    1275 -0.71480820E+01 -0.10451653E-16 -0.76022393E+01  0.76188636E-17
    1276 -0.71487603E+01 -0.10451898E-16 -0.76022393E+01  0.76188636E-17
    1277 -0.71494227E+01 -0.10452316E-16 -0.76022393E+01  0.76188636E-17
    1278 -0.71500682E+01 -0.10452341E-16 -0.76022393E+01  0.76188636E-17
    1279 -0.71507321E+01 -0.10451957E-16 -0.76022393E+01  0.76188636E-17
    1280 -0.71513053E+01 -0.10451673E-16 -0.76022393E+01  0.76188636E-17
    1281 -0.71519796E+01 -0.10451590E-16 -0.76022393E+01  0.76188636E-17
    1282 -0.71526368E+01 -0.10451251E-16 -0.76022393E+01  0.76188636E-17
    1283 -0.71532113E+01 -0.10451292E-16 -0.76022393E+01  0.76188636E-17
    1284 -0.71538051E+01 -0.10451265E-16 -0.76022393E+01  0.76188636E-17
    1285 -0.71543990E+01 -0.10451328E-16 -0.76022393E+01  0.76188636E-17
    1286 -0.71550814E+01 -0.10451307E-16 -0.76022393E+01  0.76188636E-17
    1287 -0.71557456E+01 -0.10451084E-16 -0.76022393E+01  0.76188636E-17
    1288 -0.71563492E+01 -0.10450906E-16 -0.76022393E+01  0.76188636E-17
    1289 -0.71569387E+01 -0.10450732E-16 -0.76022393E+01  0.76188636E-17
    1290 -0.71575432E+01 -0.10450674E-16 -0.76022393E+01  0.76188636E-17
    1291 -0.71581552E+01 -0.10450656E-16 -0.76022393E+01  0.76188636E-17
    1292 -0.71587214E+01 -0.10450820E-16 -0.76022393E+01  0.76188636E-17
    1293 -0.71592644E+01 -0.10450489E-16 -0.76022393E+01  0.76188636E-17
    1294 -0.71600718E+01 -0.10449621E-16 -0.76022393E+01  0.76188636E-17
    1295 -0.71607872E+01 -0.10449987E-16 -0.76022393E+01  0.76188636E-17
    1296 -0.71613751E+01 -0.10449932E-16 -0.76022393E+01  0.76188636E-17
    1297 -0.71620757E+01 -0.10450242E-16 -0.76022393E+01  0.76188636E-17
    1298 -0.71628997E+01 -0.10450231E-16 -0.76022393E+01  0.76188636E-17
    1299 -0.71636857E+01 -0.10449679E-16 -0.76022393E+01  0.76188636E-17
    1300 -0.71643407E+01 -0.10449963E-16 -0.76022393E+01  0.76188636E-17
    1301 -0.71652048E+01 -0.10450584E-16 -0.76022393E+01  0.76188636E-17
    1302 -0.71659476E+01 -0.10450814E-16 -0.76022393E+01  0.76188636E-17
    1303 -0.71666242E+01 -0.10451220E-16 -0.76022393E+01  0.76188636E-17
    1304 -0.71674451E+01 -0.10451690E-16 -0.76022393E+01  0.76188636E-17
    1305 -0.71682073E+01 -0.10451377E-16 -0.76022393E+01  0.76188636E-17
    1306 -0.71690209E+01 -0.10451326E-16 -0.76022393E+01  0.76188636E-17
    1307 -0.71696942E+01 -0.10450847E-16 -0.76022393E+01  0.76188636E-17
    1308 -0.71703727E+01 -0.10450824E-16 -0.76022393E+01  0.76188636E-17
    1309 -0.71711448E+01 -0.10451027E-16 -0.76022393E+01  0.76188636E-17
    1310 -0.71720581E+01 -0.10451515E-16 -0.76022393E+01  0.76188636E-17
    1311 -0.71728846E+01 -0.10450988E-16 -0.76022393E+01  0.76188636E-17
    1312 -0.71734786E+01 -0.10450855E-16 -0.76022393E+01  0.76188636E-17
    1313 -0.71743941E+01 -0.10450371E-16 -0.76022393E+01  0.76188636E-17
    1314 -0.71752490E+01 -0.10450963E-16 -0.76022393E+01  0.76188636E-17
    1315 -0.71761589E+01 -0.10451916E-16 -0.76022393E+01  0.76188636E-17
    1316 -0.71770182E+01 -0.10452593E-16 -0.76022393E+01  0.76188636E-17
    1317 -0.71777648E+01 -0.10452839E-16 -0.76022393E+01  0.76188636E-17
    1318 -0.71784907E+01 -0.10453694E-16 -0.76022393E+01  0.76188636E-17
    1319 -0.71792951E+01 -0.10453737E-16 -0.76022393E+01  0.76188636E-17
    1320 -0.71801046E+01 -0.10453870E-16 -0.76022393E+01  0.76188636E-17
    1321 -0.71807266E+01 -0.10453809E-16 -0.76022393E+01  0.76188636E-17
    1322 -0.71813067E+01 -0.10454086E-16 -0.76022393E+01  0.76188636E-17
    1323 -0.71819260E+01 -0.10454066E-16 -0.76022393E+01  0.76188636E-17
    1324 -0.71824896E+01 -0.10454128E-16 -0.76022393E+01  0.76188636E-17
    1325 -0.71831845E+01 -0.10454014E-16 -0.76022393E+01  0.76188636E-17
    1326 -0.71837757E+01 -0.10454271E-16 -0.76022393E+01  0.76188636E-17
    1327 -0.71844585E+01 -0.10454333E-16 -0.76022393E+01  0.76188636E-17
    1328 -0.71850369E+01 -0.10454473E-16 -0.76022393E+01  0.76188636E-17
    1329 -0.71855266E+01 -0.10454447E-16 -0.76022393E+01  0.76188636E-17
    1330 -0.71860375E+01 -0.10454352E-16 -0.76022393E+01  0.76188636E-17
    1331 -0.71865564E+01 -0.10454337E-16 -0.76022393E+01  0.76188636E-17
    1332 -0.71871548E+01 -0.10454340E-16 -0.76022393E+01  0.76188636E-17
    1333 -0.71876473E+01 -0.10454416E-16 -0.76022393E+01  0.76188636E-17
    1334 -0.71881698E+01 -0.10454416E-16 -0.76022393E+01  0.76188636E-17
    1335 -0.71887408E+01 -0.10454673E-16 -0.76022393E+01  0.76188636E-17
    1336 -0.71893683E+01 -0.10455333E-16 -0.76022393E+01  0.76188636E-17
    1337 -0.71898266E+01 -0.10455315E-16 -0.76022393E+01  0.76188636E-17
    1338 -0.71903773E+01 -0.10455190E-16 -0.76022393E+01  0.76188636E-17
    1339 -0.71909385E+01 -0.10455149E-16 -0.76022393E+01  0.76188636E-17
    1340 -0.71914353E+01 -0.10455172E-16 -0.76022393E+01  0.76188636E-17
    1341 -0.71920650E+01 -0.10455361E-16 -0.76022393E+01  0.76188636E-17
    1342 -0.71924923E+01 -0.10455394E-16 -0.76022393E+01  0.76188636E-17
    1343 -0.71929352E+01 -0.10455591E-16 -0.76022393E+01  0.76188636E-17
    1344 -0.71934670E+01 -0.10455519E-16 -0.76022393E+01  0.76188636E-17
    1345 -0.71940263E+01 -0.10455413E-16 -0.76022393E+01  0.76188636E-17
    1346 -0.71945076E+01 -0.10455619E-16 -0.76022393E+01  0.76188636E-17
    1347 -0.71950261E+01 -0.10455455E-16 -0.76022393E+01  0.76188636E-17
    1348 -0.71955818E+01 -0.10455519E-16 -0.76022393E+01  0.76188636E-17
    1349 -0.71960939E+01 -0.10455505E-16 -0.76022393E+01  0.76188636E-17
    1350 -0.71965411E+01 -0.10455427E-16 -0.76022393E+01  0.76188636E-17
    1351 -0.71970034E+01 -0.10455584E-16 -0.76022393E+01  0.76188636E-17
    1352 -0.71974673E+01 -0.10455616E-16 -0.76022393E+01  0.76188636E-17
    1353 -0.71979435E+01 -0.10455671E-16 -0.76022393E+01  0.76188636E-17
    1354 -0.71983457E+01 -0.10455586E-16 -0.76022393E+01  0.76188636E-17
    1355 -0.71987442E+01 -0.10455494E-16 -0.76022393E+01  0.76188636E-17
    1356 -0.71991598E+01 -0.10455375E-16 -0.76022393E+01  0.76188636E-17
    1357 -0.71996906E+01 -0.10455634E-16 -0.76022393E+01  0.76188636E-17
    1358 -0.72001460E+01 -0.10455831E-16 -0.76022393E+01  0.76188636E-17
    1359 -0.72007125E+01 -0.10455922E-16 -0.76022393E+01  0.76188636E-17
    1360 -0.72011308E+01 -0.10455747E-16 -0.76022393E+01  0.76188636E-17
    1361 -0.72015280E+01 -0.10455660E-16 -0.76022393E+01  0.76188636E-17
    1362 -0.72019476E+01 -0.10455536E-16 -0.76022393E+01  0.76188636E-17
    1363 -0.72024014E+01 -0.10455320E-16 -0.76022393E+01  0.76188636E-17
    1364 -0.72028223E+01 -0.10455348E-16 -0.76022393E+01  0.76188636E-17
    1365 -0.72032801E+01 -0.10455188E-16 -0.76022393E+01  0.76188636E-17
    1366 -0.72036915E+01 -0.10455231E-16 -0.76022393E+01  0.76188636E-17
    1367 -0.72040853E+01 -0.10455149E-16 -0.76022393E+01  0.76188636E-17
    1368 -0.72044797E+01 -0.10455119E-16 -0.76022393E+01  0.76188636E-17
    1369 -0.72048700E+01 -0.10455112E-16 -0.76022393E+01  0.76188636E-17
    1370 -0.72052791E+01 -0.10455075E-16 -0.76022393E+01  0.76188636E-17
    1371 -0.72057053E+01 -0.10454948E-16 -0.76022393E+01  0.76188636E-17
    1372 -0.72061391E+01 -0.10454866E-16 -0.76022393E+01  0.76188636E-17
    1373 -0.72065108E+01 -0.10454858E-16 -0.76022393E+01  0.76188636E-17
    1374 -0.72070399E+01 -0.10455044E-16 -0.76022393E+01  0.76188636E-17
    1375 -0.72074829E+01 -0.10454869E-16 -0.76022393E+01  0.76188636E-17
    1376 -0.72079194E+01 -0.10454696E-16 -0.76022393E+01  0.76188636E-17
    1377 -0.72083882E+01 -0.10454673E-16 -0.76022393E+01  0.76188636E-17
    1378 -0.72088056E+01 -0.10454637E-16 -0.76022393E+01  0.76188636E-17
    1379 -0.72093940E+01 -0.10454712E-16 -0.76022393E+01  0.76188636E-17
    1380 -0.72098296E+01 -0.10454713E-16 -0.76022393E+01  0.76188636E-17
    1381 -0.72102657E+01 -0.10454628E-16 -0.76022393E+01  0.76188636E-17
    1382 -0.72106727E+01 -0.10454588E-16 -0.76022393E+01  0.76188636E-17
    1383 -0.72111671E+01 -0.10454467E-16 -0.76022393E+01  0.76188636E-17
    1384 -0.72115684E+01 -0.10454353E-16 -0.76022393E+01  0.76188636E-17
    1385 -0.72120446E+01 -0.10454333E-16 -0.76022393E+01  0.76188636E-17
    1386 -0.72125236E+01 -0.10454169E-16 -0.76022393E+01  0.76188636E-17
    1387 -0.72129257E+01 -0.10454076E-16 -0.76022393E+01  0.76188636E-17
    1388 -0.72133250E+01 -0.10454033E-16 -0.76022393E+01  0.76188636E-17
    1389 -0.72138060E+01 -0.10454011E-16 -0.76022393E+01  0.76188636E-17
    1390 -0.72142555E+01 -0.10453770E-16 -0.76022393E+01  0.76188636E-17
    1391 -0.72147367E+01 -0.10453490E-16 -0.76022393E+01  0.76188636E-17
    1392 -0.72152309E+01 -0.10453356E-16 -0.76022393E+01  0.76188636E-17
    1393 -0.72156682E+01 -0.10453158E-16 -0.76022393E+01  0.76188636E-17
    1394 -0.72160842E+01 -0.10453097E-16 -0.76022393E+01  0.76188636E-17
    1395 -0.72165701E+01 -0.10452715E-16 -0.76022393E+01  0.76188636E-17
    1396 -0.72170547E+01 -0.10452584E-16 -0.76022393E+01  0.76188636E-17
    1397 -0.72174530E+01 -0.10452517E-16 -0.76022393E+01  0.76188636E-17
    1398 -0.72179299E+01 -0.10452165E-16 -0.76022393E+01  0.76188636E-17
    1399 -0.72184247E+01 -0.10451912E-16 -0.76022393E+01  0.76188636E-17
    1400 -0.72188926E+01 -0.10451795E-16 -0.76022393E+01  0.76188636E-17
    1401 -0.72194678E+01 -0.10451502E-16 -0.76022393E+01  0.76188636E-17
    1402 -0.72200248E+01 -0.10451206E-16 -0.76022393E+01  0.76188636E-17
    1403 -0.72205751E+01 -0.10450867E-16 -0.76022393E+01  0.76188636E-17
    1404 -0.72212407E+01 -0.10450520E-16 -0.76022393E+01  0.76188636E-17
    1405 -0.72218708E+01 -0.10450404E-16 -0.76022393E+01  0.76188636E-17
    1406 -0.72224120E+01 -0.10449990E-16 -0.76022393E+01  0.76188636E-17
    1407 -0.72229359E+01 -0.10449326E-16 -0.76022393E+01  0.76188636E-17
    1408 -0.72233714E+01 -0.10449158E-16 -0.76022393E+01  0.76188636E-17
    1409 -0.72239173E+01 -0.10448968E-16 -0.76022393E+01  0.76188636E-17
    1410 -0.72244559E+01 -0.10448674E-16 -0.76022393E+01  0.76188636E-17
    1411 -0.72249462E+01 -0.10448582E-16 -0.76022393E+01  0.76188636E-17
    1412 -0.72254071E+01 -0.10448577E-16 -0.76022393E+01  0.76188636E-17
    1413 -0.72258834E+01 -0.10448692E-16 -0.76022393E+01  0.76188636E-17
    1414 -0.72263561E+01 -0.10448540E-16 -0.76022393E+01  0.76188636E-17
    1415 -0.72269190E+01 -0.10448367E-16 -0.76022393E+01  0.76188636E-17
    1416 -0.72274329E+01 -0.10448376E-16 -0.76022393E+01  0.76188636E-17
    1417 -0.72279079E+01 -0.10448275E-16 -0.76022393E+01  0.76188636E-17
    1418 -0.72283280E+01 -0.10448342E-16 -0.76022393E+01  0.76188636E-17
    1419 -0.72288537E+01 -0.10448331E-16 -0.76022393E+01  0.76188636E-17
    1420 -0.72292717E+01 -0.10448286E-16 -0.76022393E+01  0.76188636E-17
    1421 -0.72297094E+01 -0.10448260E-16 -0.76022393E+01  0.76188636E-17
    1422 -0.72302042E+01 -0.10448196E-16 -0.76022393E+01  0.76188636E-17
    1423 -0.72306130E+01 -0.10448352E-16 -0.76022393E+01  0.76188636E-17
    1424 -0.72310370E+01 -0.10448656E-16 -0.76022393E+01  0.76188636E-17
    1425 -0.72314367E+01 -0.10448757E-16 -0.76022393E+01  0.76188636E-17
    1426 -0.72318531E+01 -0.10448720E-16 -0.76022393E+01  0.76188636E-17
    1427 -0.72322903E+01 -0.10448633E-16 -0.76022393E+01  0.76188636E-17
    1428 -0.72326897E+01 -0.10448675E-16 -0.76022393E+01  0.76188636E-17
    1429 -0.72330946E+01 -0.10448679E-16 -0.76022393E+01  0.76188636E-17
    1430 -0.72335346E+01 -0.10448582E-16 -0.76022393E+01  0.76188636E-17
    1431 -0.72339618E+01 -0.10448686E-16 -0.76022393E+01  0.76188636E-17
    1432 -0.72342907E+01 -0.10448822E-16 -0.76022393E+01  0.76188636E-17
    1433 -0.72346760E+01 -0.10448829E-16 -0.76022393E+01  0.76188636E-17
    1434 -0.72350500E+01 -0.10448935E-16 -0.76022393E+01  0.76188636E-17
    1435 -0.72354281E+01 -0.10448812E-16 -0.76022393E+01  0.76188636E-17
    1436 -0.72358292E+01 -0.10448777E-16 -0.76022393E+01  0.76188636E-17
    1437 -0.72362289E+01 -0.10448750E-16 -0.76022393E+01  0.76188636E-17
    1438 -0.72366427E+01 -0.10448669E-16 -0.76022393E+01  0.76188636E-17
    1439 -0.72370773E+01 -0.10448657E-16 -0.76022393E+01  0.76188636E-17
    1440 -0.72374665E+01 -0.10448759E-16 -0.76022393E+01  0.76188636E-17
    1441 -0.72378656E+01 -0.10448777E-16 -0.76022393E+01  0.76188636E-17
    1442 -0.72382668E+01 -0.10448692E-16 -0.76022393E+01  0.76188636E-17
    1443 -0.72386974E+01 -0.10448757E-16 -0.76022393E+01  0.76188636E-17
    1444 -0.72391481E+01 -0.10448773E-16 -0.76022393E+01  0.76188636E-17
    1445 -0.72395891E+01 -0.10448721E-16 -0.76022393E+01  0.76188636E-17
    1446 -0.72399642E+01 -0.10448759E-16 -0.76022393E+01  0.76188636E-17
    1447 -0.72403501E+01 -0.10448778E-16 -0.76022393E+01  0.76188636E-17
    1448 -0.72407605E+01 -0.10448716E-16 -0.76022393E+01  0.76188636E-17
    1449 -0.72411509E+01 -0.10448969E-16 -0.76022393E+01  0.76188636E-17
    1450 -0.72416107E+01 -0.10449308E-16 -0.76022393E+01  0.76188636E-17
    1451 -0.72420064E+01 -0.10449202E-16 -0.76022393E+01  0.76188636E-17
    1452 -0.72423994E+01 -0.10449265E-16 -0.76022393E+01  0.76188636E-17
    1453 -0.72428454E+01 -0.10449128E-16 -0.76022393E+01  0.76188636E-17
    1454 -0.72432964E+01 -0.10448966E-16 -0.76022393E+01  0.76188636E-17
    1455 -0.72436991E+01 -0.10449043E-16 -0.76022393E+01  0.76188636E-17
    1456 -0.72441148E+01 -0.10449152E-16 -0.76022393E+01  0.76188636E-17
    1457 -0.72445475E+01 -0.10448938E-16 -0.76022393E+01  0.76188636E-17
    1458 -0.72449814E+01 -0.10449010E-16 -0.76022393E+01  0.76188636E-17
    1459 -0.72453886E+01 -0.10448963E-16 -0.76022393E+01  0.76188636E-17
    1460 -0.72458685E+01 -0.10448734E-16 -0.76022393E+01  0.76188636E-17
    1461 -0.72462758E+01 -0.10448758E-16 -0.76022393E+01  0.76188636E-17
    1462 -0.72467654E+01 -0.10448693E-16 -0.76022393E+01  0.76188636E-17
    1463 -0.72471972E+01 -0.10448682E-16 -0.76022393E+01  0.76188636E-17
    1464 -0.72476316E+01 -0.10448664E-16 -0.76022393E+01  0.76188636E-17
    1465 -0.72481045E+01 -0.10448535E-16 -0.76022393E+01  0.76188636E-17
    1466 -0.72485458E+01 -0.10448583E-16 -0.76022393E+01  0.76188636E-17
    1467 -0.72489778E+01 -0.10448283E-16 -0.76022393E+01  0.76188636E-17
    1468 -0.72493863E+01 -0.10448143E-16 -0.76022393E+01  0.76188636E-17
    1469 -0.72498040E+01 -0.10448211E-16 -0.76022393E+01  0.76188636E-17
    1470 -0.72502527E+01 -0.10448221E-16 -0.76022393E+01  0.76188636E-17
    1471 -0.72506253E+01 -0.10448194E-16 -0.76022393E+01  0.76188636E-17
    1472 -0.72510673E+01 -0.10448171E-16 -0.76022393E+01  0.76188636E-17
    1473 -0.72514872E+01 -0.10447979E-16 -0.76022393E+01  0.76188636E-17
    1474 -0.72519104E+01 -0.10447904E-16 -0.76022393E+01  0.76188636E-17
    1475 -0.72523253E+01 -0.10447876E-16 -0.76022393E+01  0.76188636E-17
    1476 -0.72527548E+01 -0.10447592E-16 -0.76022393E+01  0.76188636E-17
    1477 -0.72532620E+01 -0.10447402E-16 -0.76022393E+01  0.76188636E-17
    1478 -0.72536732E+01 -0.10447337E-16 -0.76022393E+01  0.76188636E-17
    1479 -0.72541348E+01 -0.10447273E-16 -0.76022393E+01  0.76188636E-17
    1480 -0.72545174E+01 -0.10447184E-16 -0.76022393E+01  0.76188636E-17
    1481 -0.72549439E+01 -0.10447274E-16 -0.76022393E+01  0.76188636E-17
    1482 -0.72553886E+01 -0.10447289E-16 -0.76022393E+01  0.76188636E-17
    1483 -0.72558247E+01 -0.10447151E-16 -0.76022393E+01  0.76188636E-17
    1484 -0.72562716E+01 -0.10447190E-16 -0.76022393E+01  0.76188636E-17
    1485 -0.72567348E+01 -0.10447183E-16 -0.76022393E+01  0.76188636E-17
    1486 -0.72572585E+01 -0.10447214E-16 -0.76022393E+01  0.76188636E-17
    1487 -0.72577270E+01 -0.10447374E-16 -0.76022393E+01  0.76188636E-17
    1488 -0.72582190E+01 -0.10447450E-16 -0.76022393E+01  0.76188636E-17
    1489 -0.72586907E+01 -0.10447346E-16 -0.76022393E+01  0.76188636E-17
    1490 -0.72591878E+01 -0.10447370E-16 -0.76022393E+01  0.76188636E-17
    1491 -0.72596202E+01 -0.10447380E-16 -0.76022393E+01  0.76188636E-17
    1492 -0.72600594E+01 -0.10447356E-16 -0.76022393E+01  0.76188636E-17
    1493 -0.72605851E+01 -0.10447064E-16 -0.76022393E+01  0.76188636E-17
    1494 -0.72610177E+01 -0.10447023E-16 -0.76022393E+01  0.76188636E-17
    1495 -0.72614792E+01 -0.10446979E-16 -0.76022393E+01  0.76188636E-17
    1496 -0.72619211E+01 -0.10446975E-16 -0.76022393E+01  0.76188636E-17
    1497 -0.72623484E+01 -0.10447115E-16 -0.76022393E+01  0.76188636E-17
    1498 -0.72627848E+01 -0.10447232E-16 -0.76022393E+01  0.76188636E-17
    1499 -0.72632174E+01 -0.10447224E-16 -0.76022393E+01  0.76188636E-17
    1500 -0.72636505E+01 -0.10447232E-16 -0.76022393E+01  0.76188636E-17
    1501 -0.72641217E+01 -0.10447229E-16 -0.76022393E+01  0.76188636E-17
    1502 -0.72645183E+01 -0.10447271E-16 -0.76022393E+01  0.76188636E-17
    1503 -0.72649370E+01 -0.10447241E-16 -0.76022393E+01  0.76188636E-17
    1504 -0.72653462E+01 -0.10447236E-16 -0.76022393E+01  0.76188636E-17
    1505 -0.72657767E+01 -0.10447180E-16 -0.76022393E+01  0.76188636E-17
    1506 -0.72661853E+01 -0.10447250E-16 -0.76022393E+01  0.76188636E-17
    1507 -0.72666399E+01 -0.10447222E-16 -0.76022393E+01  0.76188636E-17
    1508 -0.72670673E+01 -0.10447124E-16 -0.76022393E+01  0.76188636E-17
    1509 -0.72674940E+01 -0.10447263E-16 -0.76022393E+01  0.76188636E-17
    1510 -0.72679311E+01 -0.10447206E-16 -0.76022393E+01  0.76188636E-17
    1511 -0.72684013E+01 -0.10447117E-16 -0.76022393E+01  0.76188636E-17
    1512 -0.72688070E+01 -0.10447320E-16 -0.76022393E+01  0.76188636E-17
    1513 -0.72692158E+01 -0.10447385E-16 -0.76022393E+01  0.76188636E-17
    1514 -0.72696489E+01 -0.10447433E-16 -0.76022393E+01  0.76188636E-17
    1515 -0.72700867E+01 -0.10447396E-16 -0.76022393E+01  0.76188636E-17
    1516 -0.72705542E+01 -0.10447401E-16 -0.76022393E+01  0.76188636E-17
    1517 -0.72710057E+01 -0.10447483E-16 -0.76022393E+01  0.76188636E-17
    1518 -0.72714153E+01 -0.10447607E-16 -0.76022393E+01  0.76188636E-17
    1519 -0.72718600E+01 -0.10447704E-16 -0.76022393E+01  0.76188636E-17
    1520 -0.72722987E+01 -0.10447804E-16 -0.76022393E+01  0.76188636E-17
    1521 -0.72727595E+01 -0.10447814E-16 -0.76022393E+01  0.76188636E-17
    1522 -0.72731716E+01 -0.10447922E-16 -0.76022393E+01  0.76188636E-17
    1523 -0.72736238E+01 -0.10448070E-16 -0.76022393E+01  0.76188636E-17
    1524 -0.72741667E+01 -0.10448114E-16 -0.76022393E+01  0.76188636E-17
    1525 -0.72745880E+01 -0.10448166E-16 -0.76022393E+01  0.76188636E-17
    1526 -0.72750880E+01 -0.10448156E-16 -0.76022393E+01  0.76188636E-17
    1527 -0.72755179E+01 -0.10448153E-16 -0.76022393E+01  0.76188636E-17
    1528 -0.72759718E+01 -0.10448271E-16 -0.76022393E+01  0.76188636E-17
    1529 -0.72764127E+01 -0.10448359E-16 -0.76022393E+01  0.76188636E-17
    1530 -0.72768126E+01 -0.10448296E-16 -0.76022393E+01  0.76188636E-17
    1531 -0.72772660E+01 -0.10448202E-16 -0.76022393E+01  0.76188636E-17
    1532 -0.72777440E+01 -0.10448340E-16 -0.76022393E+01  0.76188636E-17
    1533 -0.72781411E+01 -0.10448322E-16 -0.76022393E+01  0.76188636E-17
    1534 -0.72785793E+01 -0.10448354E-16 -0.76022393E+01  0.76188636E-17
    1535 -0.72790343E+01 -0.10448336E-16 -0.76022393E+01  0.76188636E-17
    1536 -0.72794220E+01 -0.10448436E-16 -0.76022393E+01  0.76188636E-17
    1537 -0.72798930E+01 -0.10448490E-16 -0.76022393E+01  0.76188636E-17
    1538 -0.72803292E+01 -0.10448534E-16 -0.76022393E+01  0.76188636E-17
    1539 -0.72807676E+01 -0.10448638E-16 -0.76022393E+01  0.76188636E-17
    1540 -0.72811893E+01 -0.10448708E-16 -0.76022393E+01  0.76188636E-17
    1541 -0.72816536E+01 -0.10448840E-16 -0.76022393E+01  0.76188636E-17
    1542 -0.72820572E+01 -0.10448865E-16 -0.76022393E+01  0.76188636E-17
    1543 -0.72825009E+01 -0.10448981E-16 -0.76022393E+01  0.76188636E-17
    1544 -0.72829183E+01 -0.10449022E-16 -0.76022393E+01  0.76188636E-17
    1545 -0.72833558E+01 -0.10449028E-16 -0.76022393E+01  0.76188636E-17
    1546 -0.72837557E+01 -0.10449030E-16 -0.76022393E+01  0.76188636E-17
    1547 -0.72842235E+01 -0.10449210E-16 -0.76022393E+01  0.76188636E-17
    1548 -0.72847284E+01 -0.10449195E-16 -0.76022393E+01  0.76188636E-17
    1549 -0.72852487E+01 -0.10449367E-16 -0.76022393E+01  0.76188636E-17
    1550 -0.72856917E+01 -0.10449546E-16 -0.76022393E+01  0.76188636E-17
    1551 -0.72862148E+01 -0.10449494E-16 -0.76022393E+01  0.76188636E-17
    1552 -0.72867247E+01 -0.10449714E-16 -0.76022393E+01  0.76188636E-17
    1553 -0.72872572E+01 -0.10449761E-16 -0.76022393E+01  0.76188636E-17
    1554 -0.72878050E+01 -0.10449534E-16 -0.76022393E+01  0.76188636E-17
    1555 -0.72884218E+01 -0.10449610E-16 -0.76022393E+01  0.76188636E-17
    1556 -0.72890232E+01 -0.10449207E-16 -0.76022393E+01  0.76188636E-17
    1557 -0.72895228E+01 -0.10449206E-16 -0.76022393E+01  0.76188636E-17
    1558 -0.72900845E+01 -0.10449027E-16 -0.76022393E+01  0.76188636E-17
    1559 -0.72906034E+01 -0.10449151E-16 -0.76022393E+01  0.76188636E-17
    1560 -0.72911735E+01 -0.10449160E-16 -0.76022393E+01  0.76188636E-17
    1561 -0.72917198E+01 -0.10449256E-16 -0.76022393E+01  0.76188636E-17
    1562 -0.72921710E+01 -0.10449379E-16 -0.76022393E+01  0.76188636E-17
    1563 -0.72926305E+01 -0.10449388E-16 -0.76022393E+01  0.76188636E-17
    1564 -0.72932668E+01 -0.10449507E-16 -0.76022393E+01  0.76188636E-17
    1565 -0.72939704E+01 -0.10449703E-16 -0.76022393E+01  0.76188636E-17
    1566 -0.72945377E+01 -0.10449844E-16 -0.76022393E+01  0.76188636E-17
    1567 -0.72950004E+01 -0.10449823E-16 -0.76022393E+01  0.76188636E-17
    1568 -0.72956166E+01 -0.10450231E-16 -0.76022393E+01  0.76188636E-17
    1569 -0.72961365E+01 -0.10450348E-16 -0.76022393E+01  0.76188636E-17
    1570 -0.72966945E+01 -0.10450399E-16 -0.76022393E+01  0.76188636E-17
    1571 -0.72972355E+01 -0.10450569E-16 -0.76022393E+01  0.76188636E-17
    1572 -0.72978270E+01 -0.10450724E-16 -0.76022393E+01  0.76188636E-17
    1573 -0.72983940E+01 -0.10450801E-16 -0.76022393E+01  0.76188636E-17
    1574 -0.72990427E+01 -0.10450741E-16 -0.76022393E+01  0.76188636E-17
    1575 -0.72996082E+01 -0.10450673E-16 -0.76022393E+01  0.76188636E-17
    1576 -0.73001358E+01 -0.10450690E-16 -0.76022393E+01  0.76188636E-17
    1577 -0.73007015E+01 -0.10450772E-16 -0.76022393E+01  0.76188636E-17
    1578 -0.73012623E+01 -0.10450633E-16 -0.76022393E+01  0.76188636E-17
    1579 -0.73018034E+01 -0.10450874E-16 -0.76022393E+01  0.76188636E-17
    1580 -0.73023813E+01 -0.10450924E-16 -0.76022393E+01  0.76188636E-17
    1581 -0.73029410E+01 -0.10450901E-16 -0.76022393E+01  0.76188636E-17
    1582 -0.73034981E+01 -0.10450934E-16 -0.76022393E+01  0.76188636E-17
    1583 -0.73040640E+01 -0.10450961E-16 -0.76022393E+01  0.76188636E-17
    1584 -0.73045960E+01 -0.10450930E-16 -0.76022393E+01  0.76188636E-17
    1585 -0.73052189E+01 -0.10451136E-16 -0.76022393E+01  0.76188636E-17
    1586 -0.73057574E+01 -0.10451184E-16 -0.76022393E+01  0.76188636E-17
    1587 -0.73062805E+01 -0.10451263E-16 -0.76022393E+01  0.76188636E-17
    1588 -0.73068582E+01 -0.10451383E-16 -0.76022393E+01  0.76188636E-17
    1589 -0.73073275E+01 -0.10451349E-16 -0.76022393E+01  0.76188636E-17
    1590 -0.73078958E+01 -0.10451405E-16 -0.76022393E+01  0.76188636E-17
    1591 -0.73084757E+01 -0.10451343E-16 -0.76022393E+01  0.76188636E-17
    1592 -0.73090254E+01 -0.10451419E-16 -0.76022393E+01  0.76188636E-17
    1593 -0.73096048E+01 -0.10451367E-16 -0.76022393E+01  0.76188636E-17
    1594 -0.73102285E+01 -0.10451317E-16 -0.76022393E+01  0.76188636E-17
    1595 -0.73107823E+01 -0.10451211E-16 -0.76022393E+01  0.76188636E-17
    1596 -0.73113481E+01 -0.10451054E-16 -0.76022393E+01  0.76188636E-17
    1597 -0.73119712E+01 -0.10450749E-16 -0.76022393E+01  0.76188636E-17
    1598 -0.73125412E+01 -0.10450730E-16 -0.76022393E+01  0.76188636E-17
    1599 -0.73131690E+01 -0.10450633E-16 -0.76022393E+01  0.76188636E-17
    1600 -0.73138206E+01 -0.10450684E-16 -0.76022393E+01  0.76188636E-17
    1601 -0.73143739E+01 -0.10450622E-16 -0.76022393E+01  0.76188636E-17
    1602 -0.73149572E+01 -0.10450522E-16 -0.76022393E+01  0.76188636E-17
    1603 -0.73155628E+01 -0.10450501E-16 -0.76022393E+01  0.76188636E-17
    1604 -0.73161562E+01 -0.10450271E-16 -0.76022393E+01  0.76188636E-17
    1605 -0.73167633E+01 -0.10450378E-16 -0.76022393E+01  0.76188636E-17
    1606 -0.73173316E+01 -0.10450476E-16 -0.76022393E+01  0.76188636E-17
    1607 -0.73178971E+01 -0.10450375E-16 -0.76022393E+01  0.76188636E-17
    1608 -0.73185278E+01 -0.10450395E-16 -0.76022393E+01  0.76188636E-17
    1609 -0.73190910E+01 -0.10450369E-16 -0.76022393E+01  0.76188636E-17
    1610 -0.73196856E+01 -0.10450222E-16 -0.76022393E+01  0.76188636E-17
    1611 -0.73202393E+01 -0.10450140E-16 -0.76022393E+01  0.76188636E-17
    1612 -0.73207556E+01 -0.10450061E-16 -0.76022393E+01  0.76188636E-17
    1613 -0.73213343E+01 -0.10449942E-16 -0.76022393E+01  0.76188636E-17
    1614 -0.73219569E+01 -0.10449883E-16 -0.76022393E+01  0.76188636E-17
    1615 -0.73225786E+01 -0.10449899E-16 -0.76022393E+01  0.76188636E-17
    1616 -0.73231488E+01 -0.10449838E-16 -0.76022393E+01  0.76188636E-17
    1617 -0.73237049E+01 -0.10450057E-16 -0.76022393E+01  0.76188636E-17
    1618 -0.73242059E+01 -0.10449909E-16 -0.76022393E+01  0.76188636E-17
    1619 -0.73247621E+01 -0.10449932E-16 -0.76022393E+01  0.76188636E-17
    1620 -0.73253316E+01 -0.10449940E-16 -0.76022393E+01  0.76188636E-17
    1621 -0.73259198E+01 -0.10449930E-16 -0.76022393E+01  0.76188636E-17
    1622 -0.73264397E+01 -0.10449900E-16 -0.76022393E+01  0.76188636E-17
    1623 -0.73269895E+01 -0.10449874E-16 -0.76022393E+01  0.76188636E-17
    1624 -0.73275500E+01 -0.10449832E-16 -0.76022393E+01  0.76188636E-17
    1625 -0.73281257E+01 -0.10449697E-16 -0.76022393E+01  0.76188636E-17
    1626 -0.73286752E+01 -0.10449636E-16 -0.76022393E+01  0.76188636E-17
    1627 -0.73292919E+01 -0.10449430E-16 -0.76022393E+01  0.76188636E-17
    1628 -0.73298401E+01 -0.10449379E-16 -0.76022393E+01  0.76188636E-17
    1629 -0.73303504E+01 -0.10449339E-16 -0.76022393E+01  0.76188636E-17
    1630 -0.73309434E+01 -0.10449467E-16 -0.76022393E+01  0.76188636E-17
    1631 -0.73314380E+01 -0.10449490E-16 -0.76022393E+01  0.76188636E-17
    1632 -0.73320713E+01 -0.10449450E-16 -0.76022393E+01  0.76188636E-17
    1633 -0.73326370E+01 -0.10449421E-16 -0.76022393E+01  0.76188636E-17
    1634 -0.73332381E+01 -0.10449485E-16 -0.76022393E+01  0.76188636E-17
    1635 -0.73338045E+01 -0.10449662E-16 -0.76022393E+01  0.76188636E-17
    1636 -0.73344461E+01 -0.10449787E-16 -0.76022393E+01  0.76188636E-17
    1637 -0.73350429E+01 -0.10449895E-16 -0.76022393E+01  0.76188636E-17
    1638 -0.73357170E+01 -0.10450039E-16 -0.76022393E+01  0.76188636E-17
    1639 -0.73364145E+01 -0.10450300E-16 -0.76022393E+01  0.76188636E-17
    1640 -0.73370099E+01 -0.10450249E-16 -0.76022393E+01  0.76188636E-17
    1641 -0.73377010E+01 -0.10450432E-16 -0.76022393E+01  0.76188636E-17
    1642 -0.73383277E+01 -0.10450754E-16 -0.76022393E+01  0.76188636E-17
    1643 -0.73389476E+01 -0.10450771E-16 -0.76022393E+01  0.76188636E-17
    1644 -0.73395954E+01 -0.10450892E-16 -0.76022393E+01  0.76188636E-17
    1645 -0.73402394E+01 -0.10451000E-16 -0.76022393E+01  0.76188636E-17
    1646 -0.73409487E+01 -0.10451040E-16 -0.76022393E+01  0.76188636E-17
    1647 -0.73416686E+01 -0.10450899E-16 -0.76022393E+01  0.76188636E-17
    1648 -0.73423338E+01 -0.10450921E-16 -0.76022393E+01  0.76188636E-17
    1649 -0.73430408E+01 -0.10450887E-16 -0.76022393E+01  0.76188636E-17
    1650 -0.73436648E+01 -0.10450852E-16 -0.76022393E+01  0.76188636E-17
    1651 -0.73443198E+01 -0.10450931E-16 -0.76022393E+01  0.76188636E-17
    1652 -0.73449471E+01 -0.10450766E-16 -0.76022393E+01  0.76188636E-17
    1653 -0.73456256E+01 -0.10450643E-16 -0.76022393E+01  0.76188636E-17
    1654 -0.73462420E+01 -0.10450565E-16 -0.76022393E+01  0.76188636E-17
    1655 -0.73468240E+01 -0.10450523E-16 -0.76022393E+01  0.76188636E-17
    1656 -0.73473931E+01 -0.10450528E-16 -0.76022393E+01  0.76188636E-17
    1657 -0.73479625E+01 -0.10450735E-16 -0.76022393E+01  0.76188636E-17
    1658 -0.73485427E+01 -0.10450673E-16 -0.76022393E+01  0.76188636E-17
    1659 -0.73490773E+01 -0.10450700E-16 -0.76022393E+01  0.76188636E-17
    1660 -0.73496595E+01 -0.10450703E-16 -0.76022393E+01  0.76188636E-17
    1661 -0.73501988E+01 -0.10450663E-16 -0.76022393E+01  0.76188636E-17
    1662 -0.73507715E+01 -0.10450601E-16 -0.76022393E+01  0.76188636E-17
    1663 -0.73512758E+01 -0.10450610E-16 -0.76022393E+01  0.76188636E-17
    1664 -0.73518250E+01 -0.10450717E-16 -0.76022393E+01  0.76188636E-17
    1665 -0.73523387E+01 -0.10450743E-16 -0.76022393E+01  0.76188636E-17
    1666 -0.73529420E+01 -0.10450709E-16 -0.76022393E+01  0.76188636E-17
    1667 -0.73534894E+01 -0.10450813E-16 -0.76022393E+01  0.76188636E-17
    1668 -0.73541210E+01 -0.10450956E-16 -0.76022393E+01  0.76188636E-17
    1669 -0.73547187E+01 -0.10450987E-16 -0.76022393E+01  0.76188636E-17
    1670 -0.73553659E+01 -0.10451142E-16 -0.76022393E+01  0.76188636E-17
    1671 -0.73559460E+01 -0.10451156E-16 -0.76022393E+01  0.76188636E-17
    1672 -0.73566057E+01 -0.10451286E-16 -0.76022393E+01  0.76188636E-17
    1673 -0.73572643E+01 -0.10451300E-16 -0.76022393E+01  0.76188636E-17
    1674 -0.73578641E+01 -0.10451239E-16 -0.76022393E+01  0.76188636E-17
    1675 -0.73584195E+01 -0.10451520E-16 -0.76022393E+01  0.76188636E-17
    1676 -0.73590384E+01 -0.10451697E-16 -0.76022393E+01  0.76188636E-17
    1677 -0.73596198E+01 -0.10451664E-16 -0.76022393E+01  0.76188636E-17
    1678 -0.73601853E+01 -0.10451644E-16 -0.76022393E+01  0.76188636E-17
    1679 -0.73607991E+01 -0.10451643E-16 -0.76022393E+01  0.76188636E-17
    1680 -0.73613288E+01 -0.10451909E-16 -0.76022393E+01  0.76188636E-17
    1681 -0.73619668E+01 -0.10451883E-16 -0.76022393E+01  0.76188636E-17
    1682 -0.73625265E+01 -0.10451736E-16 -0.76022393E+01  0.76188636E-17
    1683 -0.73630703E+01 -0.10451754E-16 -0.76022393E+01  0.76188636E-17
    1684 -0.73636277E+01 -0.10451728E-16 -0.76022393E+01  0.76188636E-17
    1685 -0.73642056E+01 -0.10451608E-16 -0.76022393E+01  0.76188636E-17
    1686 -0.73647562E+01 -0.10451634E-16 -0.76022393E+01  0.76188636E-17
    1687 -0.73653215E+01 -0.10451294E-16 -0.76022393E+01  0.76188636E-17
    1688 -0.73659078E+01 -0.10451483E-16 -0.76022393E+01  0.76188636E-17
    1689 -0.73665143E+01 -0.10452237E-16 -0.76022393E+01  0.76188636E-17
    1690 -0.73670662E+01 -0.10452128E-16 -0.76022393E+01  0.76188636E-17
    1691 -0.73676761E+01 -0.10452081E-16 -0.76022393E+01  0.76188636E-17
    1692 -0.73681634E+01 -0.10452219E-16 -0.76022393E+01  0.76188636E-17
    1693 -0.73687151E+01 -0.10452109E-16 -0.76022393E+01  0.76188636E-17
    1694 -0.73692769E+01 -0.10452183E-16 -0.76022393E+01  0.76188636E-17
    1695 -0.73697779E+01 -0.10452321E-16 -0.76022393E+01  0.76188636E-17
    1696 -0.73702743E+01 -0.10452333E-16 -0.76022393E+01  0.76188636E-17
    1697 -0.73708046E+01 -0.10452107E-16 -0.76022393E+01  0.76188636E-17
    1698 -0.73713516E+01 -0.10451999E-16 -0.76022393E+01  0.76188636E-17
    1699 -0.73718436E+01 -0.10452145E-16 -0.76022393E+01  0.76188636E-17
    1700 -0.73723333E+01 -0.10452075E-16 -0.76022393E+01  0.76188636E-17
    1701 -0.73728440E+01 -0.10452011E-16 -0.76022393E+01  0.76188636E-17
    1702 -0.73734037E+01 -0.10452152E-16 -0.76022393E+01  0.76188636E-17
    1703 -0.73738946E+01 -0.10452107E-16 -0.76022393E+01  0.76188636E-17
    1704 -0.73744390E+01 -0.10451687E-16 -0.76022393E+01  0.76188636E-17
    1705 -0.73749730E+01 -0.10451471E-16 -0.76022393E+01  0.76188636E-17
    1706 -0.73754670E+01 -0.10451306E-16 -0.76022393E+01  0.76188636E-17
    1707 -0.73760468E+01 -0.10451274E-16 -0.76022393E+01  0.76188636E-17
    1708 -0.73765644E+01 -0.10451295E-16 -0.76022393E+01  0.76188636E-17
    1709 -0.73771071E+01 -0.10451263E-16 -0.76022393E+01  0.76188636E-17
    1710 -0.73776828E+01 -0.10451111E-16 -0.76022393E+01  0.76188636E-17
    1711 -0.73782199E+01 -0.10451115E-16 -0.76022393E+01  0.76188636E-17
    1712 -0.73787692E+01 -0.10451265E-16 -0.76022393E+01  0.76188636E-17
    1713 -0.73792962E+01 -0.10451238E-16 -0.76022393E+01  0.76188636E-17
    1714 -0.73798057E+01 -0.10451204E-16 -0.76022393E+01  0.76188636E-17
    1715 -0.73802959E+01 -0.10451132E-16 -0.76022393E+01  0.76188636E-17
    1716 -0.73808298E+01 -0.10450938E-16 -0.76022393E+01  0.76188636E-17
    1717 -0.73813370E+01 -0.10450898E-16 -0.76022393E+01  0.76188636E-17
    1718 -0.73818238E+01 -0.10450877E-16 -0.76022393E+01  0.76188636E-17
    1719 -0.73823426E+01 -0.10450740E-16 -0.76022393E+01  0.76188636E-17
    1720 -0.73828306E+01 -0.10450633E-16 -0.76022393E+01  0.76188636E-17
    1721 -0.73833339E+01 -0.10450588E-16 -0.76022393E+01  0.76188636E-17
    1722 -0.73838660E+01 -0.10450398E-16 -0.76022393E+01  0.76188636E-17
    1723 -0.73843936E+01 -0.10450301E-16 -0.76022393E+01  0.76188636E-17
    1724 -0.73849552E+01 -0.10450473E-16 -0.76022393E+01  0.76188636E-17
    1725 -0.73855893E+01 -0.10449957E-16 -0.76022393E+01  0.76188636E-17
    1726 -0.73861353E+01 -0.10449866E-16 -0.76022393E+01  0.76188636E-17
    1727 -0.73866608E+01 -0.10449867E-16 -0.76022393E+01  0.76188636E-17
    1728 -0.73872299E+01 -0.10449595E-16 -0.76022393E+01  0.76188636E-17
    1729 -0.73877700E+01 -0.10449457E-16 -0.76022393E+01  0.76188636E-17
    1730 -0.73882680E+01 -0.10449401E-16 -0.76022393E+01  0.76188636E-17
    1731 -0.73887953E+01 -0.10449319E-16 -0.76022393E+01  0.76188636E-17
    1732 -0.73893078E+01 -0.10449054E-16 -0.76022393E+01  0.76188636E-17
    1733 -0.73898405E+01 -0.10449018E-16 -0.76022393E+01  0.76188636E-17
    1734 -0.73904314E+01 -0.10448726E-16 -0.76022393E+01  0.76188636E-17
    1735 -0.73909733E+01 -0.10448872E-16 -0.76022393E+01  0.76188636E-17
    1736 -0.73914730E+01 -0.10448900E-16 -0.76022393E+01  0.76188636E-17
    1737 -0.73920096E+01 -0.10448944E-16 -0.76022393E+01  0.76188636E-17
    1738 -0.73925645E+01 -0.10448979E-16 -0.76022393E+01  0.76188636E-17
    1739 -0.73930812E+01 -0.10448960E-16 -0.76022393E+01  0.76188636E-17
    1740 -0.73936000E+01 -0.10448977E-16 -0.76022393E+01  0.76188636E-17
    1741 -0.73941174E+01 -0.10449035E-16 -0.76022393E+01  0.76188636E-17
    1742 -0.73946719E+01 -0.10449202E-16 -0.76022393E+01  0.76188636E-17
    1743 -0.73951979E+01 -0.10449201E-16 -0.76022393E+01  0.76188636E-17
    1744 -0.73957139E+01 -0.10449264E-16 -0.76022393E+01  0.76188636E-17
    1745 -0.73961938E+01 -0.10449326E-16 -0.76022393E+01  0.76188636E-17
    1746 -0.73966681E+01 -0.10449459E-16 -0.76022393E+01  0.76188636E-17
    1747 -0.73971830E+01 -0.10449570E-16 -0.76022393E+01  0.76188636E-17
    1748 -0.73976750E+01 -0.10449569E-16 -0.76022393E+01  0.76188636E-17
    1749 -0.73982461E+01 -0.10449580E-16 -0.76022393E+01  0.76188636E-17
    1750 -0.73987644E+01 -0.10449596E-16 -0.76022393E+01  0.76188636E-17
    1751 -0.73992327E+01 -0.10449545E-16 -0.76022393E+01  0.76188636E-17
    1752 -0.73997216E+01 -0.10449579E-16 -0.76022393E+01  0.76188636E-17
    1753 -0.74002016E+01 -0.10449673E-16 -0.76022393E+01  0.76188636E-17
    1754 -0.74007118E+01 -0.10449772E-16 -0.76022393E+01  0.76188636E-17
    1755 -0.74011943E+01 -0.10449802E-16 -0.76022393E+01  0.76188636E-17
    1756 -0.74016923E+01 -0.10449904E-16 -0.76022393E+01  0.76188636E-17
    1757 -0.74021658E+01 -0.10450022E-16 -0.76022393E+01  0.76188636E-17
    1758 -0.74026578E+01 -0.10450092E-16 -0.76022393E+01  0.76188636E-17
    1759 -0.74031038E+01 -0.10450076E-16 -0.76022393E+01  0.76188636E-17
    1760 -0.74036038E+01 -0.10450152E-16 -0.76022393E+01  0.76188636E-17
    1761 -0.74040586E+01 -0.10450140E-16 -0.76022393E+01  0.76188636E-17
    1762 -0.74045059E+01 -0.10450181E-16 -0.76022393E+01  0.76188636E-17
    1763 -0.74049662E+01 -0.10450233E-16 -0.76022393E+01  0.76188636E-17
    1764 -0.74054521E+01 -0.10450389E-16 -0.76022393E+01  0.76188636E-17
    1765 -0.74059674E+01 -0.10450604E-16 -0.76022393E+01  0.76188636E-17
    1766 -0.74065148E+01 -0.10450603E-16 -0.76022393E+01  0.76188636E-17
    1767 -0.74070764E+01 -0.10450625E-16 -0.76022393E+01  0.76188636E-17
    1768 -0.74076360E+01 -0.10450597E-16 -0.76022393E+01  0.76188636E-17
    1769 -0.74081879E+01 -0.10450632E-16 -0.76022393E+01  0.76188636E-17
    1770 -0.74087926E+01 -0.10450477E-16 -0.76022393E+01  0.76188636E-17
    1771 -0.74092945E+01 -0.10450434E-16 -0.76022393E+01  0.76188636E-17
    1772 -0.74098084E+01 -0.10450460E-16 -0.76022393E+01  0.76188636E-17
    1773 -0.74103129E+01 -0.10450485E-16 -0.76022393E+01  0.76188636E-17
    1774 -0.74108570E+01 -0.10450565E-16 -0.76022393E+01  0.76188636E-17
    1775 -0.74114465E+01 -0.10450679E-16 -0.76022393E+01  0.76188636E-17
    1776 -0.74119888E+01 -0.10450601E-16 -0.76022393E+01  0.76188636E-17
    1777 -0.74126196E+01 -0.10450522E-16 -0.76022393E+01  0.76188636E-17
    1778 -0.74132980E+01 -0.10450645E-16 -0.76022393E+01  0.76188636E-17
    1779 -0.74139103E+01 -0.10451046E-16 -0.76022393E+01  0.76188636E-17
    1780 -0.74145278E+01 -0.10450953E-16 -0.76022393E+01  0.76188636E-17
    1781 -0.74151072E+01 -0.10451052E-16 -0.76022393E+01  0.76188636E-17
    1782 -0.74156717E+01 -0.10451180E-16 -0.76022393E+01  0.76188636E-17
    1783 -0.74162373E+01 -0.10451215E-16 -0.76022393E+01  0.76188636E-17
    1784 -0.74167914E+01 -0.10451586E-16 -0.76022393E+01  0.76188636E-17
    1785 -0.74173237E+01 -0.10451617E-16 -0.76022393E+01  0.76188636E-17
    1786 -0.74178629E+01 -0.10451708E-16 -0.76022393E+01  0.76188636E-17
    1787 -0.74184211E+01 -0.10451551E-16 -0.76022393E+01  0.76188636E-17
    1788 -0.74189762E+01 -0.10451750E-16 -0.76022393E+01  0.76188636E-17
    1789 -0.74195334E+01 -0.10451991E-16 -0.76022393E+01  0.76188636E-17
    1790 -0.74201617E+01 -0.10452339E-16 -0.76022393E+01  0.76188636E-17
    1791 -0.74208127E+01 -0.10452607E-16 -0.76022393E+01  0.76188636E-17
    1792 -0.74214648E+01 -0.10452543E-16 -0.76022393E+01  0.76188636E-17
    1793 -0.74220717E+01 -0.10452893E-16 -0.76022393E+01  0.76188636E-17
    1794 -0.74226906E+01 -0.10452912E-16 -0.76022393E+01  0.76188636E-17
    1795 -0.74233034E+01 -0.10452913E-16 -0.76022393E+01  0.76188636E-17
    1796 -0.74239237E+01 -0.10452839E-16 -0.76022393E+01  0.76188636E-17
    1797 -0.74244867E+01 -0.10452741E-16 -0.76022393E+01  0.76188636E-17
    1798 -0.74249842E+01 -0.10452800E-16 -0.76022393E+01  0.76188636E-17
    1799 -0.74255337E+01 -0.10452780E-16 -0.76022393E+01  0.76188636E-17
    1800 -0.74260863E+01 -0.10452726E-16 -0.76022393E+01  0.76188636E-17
    1801 -0.74265648E+01 -0.10452819E-16 -0.76022393E+01  0.76188636E-17
    1802 -0.74270744E+01 -0.10452852E-16 -0.76022393E+01  0.76188636E-17
    1803 -0.74275650E+01 -0.10453006E-16 -0.76022393E+01  0.76188636E-17
    1804 -0.74279838E+01 -0.10453033E-16 -0.76022393E+01  0.76188636E-17
    1805 -0.74284377E+01 -0.10453087E-16 -0.76022393E+01  0.76188636E-17
    1806 -0.74289888E+01 -0.10453221E-16 -0.76022393E+01  0.76188636E-17
    1807 -0.74294643E+01 -0.10453357E-16 -0.76022393E+01  0.76188636E-17
    1808 -0.74299803E+01 -0.10453507E-16 -0.76022393E+01  0.76188636E-17
    1809 -0.74305081E+01 -0.10453767E-16 -0.76022393E+01  0.76188636E-17
    1810 -0.74310262E+01 -0.10453930E-16 -0.76022393E+01  0.76188636E-17
    1811 -0.74315323E+01 -0.10454063E-16 -0.76022393E+01  0.76188636E-17
    1812 -0.74320427E+01 -0.10454168E-16 -0.76022393E+01  0.76188636E-17
    1813 -0.74325655E+01 -0.10454427E-16 -0.76022393E+01  0.76188636E-17
    1814 -0.74330572E+01 -0.10454554E-16 -0.76022393E+01  0.76188636E-17
    1815 -0.74335380E+01 -0.10454740E-16 -0.76022393E+01  0.76188636E-17
    1816 -0.74339685E+01 -0.10454839E-16 -0.76022393E+01  0.76188636E-17
    1817 -0.74344103E+01 -0.10454913E-16 -0.76022393E+01  0.76188636E-17
    1818 -0.74348823E+01 -0.10455096E-16 -0.76022393E+01  0.76188636E-17
    1819 -0.74353536E+01 -0.10455157E-16 -0.76022393E+01  0.76188636E-17
    1820 -0.74358498E+01 -0.10455141E-16 -0.76022393E+01  0.76188636E-17
    1821 -0.74362808E+01 -0.10455126E-16 -0.76022393E+01  0.76188636E-17
    1822 -0.74367566E+01 -0.10455293E-16 -0.76022393E+01  0.76188636E-17
    1823 -0.74371892E+01 -0.10455293E-16 -0.76022393E+01  0.76188636E-17
    1824 -0.74376430E+01 -0.10455315E-16 -0.76022393E+01  0.76188636E-17
    1825 -0.74381316E+01 -0.10455331E-16 -0.76022393E+01  0.76188636E-17
    1826 -0.74386042E+01 -0.10455318E-16 -0.76022393E+01  0.76188636E-17
    1827 -0.74390626E+01 -0.10455396E-16 -0.76022393E+01  0.76188636E-17
    1828 -0.74395289E+01 -0.10455396E-16 -0.76022393E+01  0.76188636E-17
    1829 -0.74399980E+01 -0.10455407E-16 -0.76022393E+01  0.76188636E-17
    1830 -0.74404680E+01 -0.10455369E-16 -0.76022393E+01  0.76188636E-17
    1831 -0.74409834E+01 -0.10455439E-16 -0.76022393E+01  0.76188636E-17
    1832 -0.74414578E+01 -0.10455507E-16 -0.76022393E+01  0.76188636E-17
    1833 -0.74419101E+01 -0.10455615E-16 -0.76022393E+01  0.76188636E-17
    1834 -0.74423452E+01 -0.10455674E-16 -0.76022393E+01  0.76188636E-17
    1835 -0.74428322E+01 -0.10455717E-16 -0.76022393E+01  0.76188636E-17
    1836 -0.74432994E+01 -0.10455614E-16 -0.76022393E+01  0.76188636E-17
    1837 -0.74437801E+01 -0.10455554E-16 -0.76022393E+01  0.76188636E-17
    1838 -0.74442030E+01 -0.10455533E-16 -0.76022393E+01  0.76188636E-17
    1839 -0.74446812E+01 -0.10455507E-16 -0.76022393E+01  0.76188636E-17
    1840 -0.74451773E+01 -0.10455515E-16 -0.76022393E+01  0.76188636E-17
    1841 -0.74456485E+01 -0.10455567E-16 -0.76022393E+01  0.76188636E-17
    1842 -0.74461446E+01 -0.10455657E-16 -0.76022393E+01  0.76188636E-17
    1843 -0.74466050E+01 -0.10455662E-16 -0.76022393E+01  0.76188636E-17
    1844 -0.74471071E+01 -0.10455796E-16 -0.76022393E+01  0.76188636E-17
    1845 -0.74476003E+01 -0.10455842E-16 -0.76022393E+01  0.76188636E-17
    1846 -0.74481078E+01 -0.10455919E-16 -0.76022393E+01  0.76188636E-17
    1847 -0.74485335E+01 -0.10455888E-16 -0.76022393E+01  0.76188636E-17
    1848 -0.74489908E+01 -0.10455871E-16 -0.76022393E+01  0.76188636E-17
    1849 -0.74494204E+01 -0.10455680E-16 -0.76022393E+01  0.76188636E-17
    1850 -0.74498660E+01 -0.10455561E-16 -0.76022393E+01  0.76188636E-17
    1851 -0.74503177E+01 -0.10455548E-16 -0.76022393E+01  0.76188636E-17
    1852 -0.74508179E+01 -0.10455538E-16 -0.76022393E+01  0.76188636E-17
    1853 -0.74512719E+01 -0.10455464E-16 -0.76022393E+01  0.76188636E-17
    1854 -0.74517077E+01 -0.10455633E-16 -0.76022393E+01  0.76188636E-17
    1855 -0.74521758E+01 -0.10455699E-16 -0.76022393E+01  0.76188636E-17
    1856 -0.74526027E+01 -0.10455797E-16 -0.76022393E+01  0.76188636E-17
    1857 -0.74530904E+01 -0.10455853E-16 -0.76022393E+01  0.76188636E-17
    1858 -0.74535196E+01 -0.10455946E-16 -0.76022393E+01  0.76188636E-17
    1859 -0.74540015E+01 -0.10455980E-16 -0.76022393E+01  0.76188636E-17
    1860 -0.74544924E+01 -0.10455954E-16 -0.76022393E+01  0.76188636E-17
    1861 -0.74549484E+01 -0.10456107E-16 -0.76022393E+01  0.76188636E-17
    1862 -0.74553829E+01 -0.10456221E-16 -0.76022393E+01  0.76188636E-17
    1863 -0.74558523E+01 -0.10456444E-16 -0.76022393E+01  0.76188636E-17
    1864 -0.74563088E+01 -0.10456435E-16 -0.76022393E+01  0.76188636E-17
    1865 -0.74567266E+01 -0.10456471E-16 -0.76022393E+01  0.76188636E-17
    1866 -0.74571223E+01 -0.10456467E-16 -0.76022393E+01  0.76188636E-17
    1867 -0.74575487E+01 -0.10456576E-16 -0.76022393E+01  0.76188636E-17
    1868 -0.74579813E+01 -0.10456607E-16 -0.76022393E+01  0.76188636E-17
    1869 -0.74584261E+01 -0.10456643E-16 -0.76022393E+01  0.76188636E-17
    1870 -0.74588769E+01 -0.10456563E-16 -0.76022393E+01  0.76188636E-17
    1871 -0.74593507E+01 -0.10456636E-16 -0.76022393E+01  0.76188636E-17
    1872 -0.74597736E+01 -0.10456549E-16 -0.76022393E+01  0.76188636E-17
    1873 -0.74601977E+01 -0.10456405E-16 -0.76022393E+01  0.76188636E-17
    1874 -0.74606217E+01 -0.10456446E-16 -0.76022393E+01  0.76188636E-17
    1875 -0.74610437E+01 -0.10456533E-16 -0.76022393E+01  0.76188636E-17
    1876 -0.74614554E+01 -0.10456661E-16 -0.76022393E+01  0.76188636E-17
    1877 -0.74619159E+01 -0.10456730E-16 -0.76022393E+01  0.76188636E-17
    1878 -0.74623704E+01 -0.10456675E-16 -0.76022393E+01  0.76188636E-17
    1879 -0.74628554E+01 -0.10456749E-16 -0.76022393E+01  0.76188636E-17
    1880 -0.74632478E+01 -0.10456664E-16 -0.76022393E+01  0.76188636E-17
    1881 -0.74637189E+01 -0.10456634E-16 -0.76022393E+01  0.76188636E-17
    1882 -0.74641604E+01 -0.10456677E-16 -0.76022393E+01  0.76188636E-17
    1883 -0.74645958E+01 -0.10456623E-16 -0.76022393E+01  0.76188636E-17
    1884 -0.74650645E+01 -0.10456600E-16 -0.76022393E+01  0.76188636E-17
    1885 -0.74655508E+01 -0.10456397E-16 -0.76022393E+01  0.76188636E-17
    1886 -0.74659642E+01 -0.10456409E-16 -0.76022393E+01  0.76188636E-17
    1887 -0.74664009E+01 -0.10456540E-16 -0.76022393E+01  0.76188636E-17
    1888 -0.74668105E+01 -0.10456427E-16 -0.76022393E+01  0.76188636E-17
    1889 -0.74672898E+01 -0.10456278E-16 -0.76022393E+01  0.76188636E-17
    1890 -0.74677249E+01 -0.10456183E-16 -0.76022393E+01  0.76188636E-17
    1891 -0.74681387E+01 -0.10456241E-16 -0.76022393E+01  0.76188636E-17
    1892 -0.74686111E+01 -0.10456233E-16 -0.76022393E+01  0.76188636E-17
    1893 -0.74690822E+01 -0.10456196E-16 -0.76022393E+01  0.76188636E-17
    1894 -0.74695178E+01 -0.10456085E-16 -0.76022393E+01  0.76188636E-17
    1895 -0.74699574E+01 -0.10456169E-16 -0.76022393E+01  0.76188636E-17
    1896 -0.74703601E+01 -0.10456132E-16 -0.76022393E+01  0.76188636E-17
    1897 -0.74707841E+01 -0.10456311E-16 -0.76022393E+01  0.76188636E-17
    1898 -0.74711960E+01 -0.10456359E-16 -0.76022393E+01  0.76188636E-17
    1899 -0.74716386E+01 -0.10456319E-16 -0.76022393E+01  0.76188636E-17
    1900 -0.74720859E+01 -0.10456234E-16 -0.76022393E+01  0.76188636E-17
    1901 -0.74725177E+01 -0.10456138E-16 -0.76022393E+01  0.76188636E-17
    1902 -0.74729699E+01 -0.10456039E-16 -0.76022393E+01  0.76188636E-17
    1903 -0.74734294E+01 -0.10456013E-16 -0.76022393E+01  0.76188636E-17
    1904 -0.74738300E+01 -0.10455959E-16 -0.76022393E+01  0.76188636E-17
    1905 -0.74742471E+01 -0.10455981E-16 -0.76022393E+01  0.76188636E-17
    1906 -0.74747008E+01 -0.10455891E-16 -0.76022393E+01  0.76188636E-17
    1907 -0.74751330E+01 -0.10455879E-16 -0.76022393E+01  0.76188636E-17
    1908 -0.74756106E+01 -0.10455798E-16 -0.76022393E+01  0.76188636E-17
    1909 -0.74760272E+01 -0.10455589E-16 -0.76022393E+01  0.76188636E-17
    1910 -0.74764827E+01 -0.10455708E-16 -0.76022393E+01  0.76188636E-17
    1911 -0.74768824E+01 -0.10455871E-16 -0.76022393E+01  0.76188636E-17
    1912 -0.74772920E+01 -0.10455740E-16 -0.76022393E+01  0.76188636E-17
    1913 -0.74777012E+01 -0.10455670E-16 -0.76022393E+01  0.76188636E-17
    1914 -0.74781111E+01 -0.10455422E-16 -0.76022393E+01  0.76188636E-17
    1915 -0.74785151E+01 -0.10455330E-16 -0.76022393E+01  0.76188636E-17
    1916 -0.74789088E+01 -0.10455235E-16 -0.76022393E+01  0.76188636E-17
    1917 -0.74793267E+01 -0.10455098E-16 -0.76022393E+01  0.76188636E-17
    1918 -0.74797539E+01 -0.10454974E-16 -0.76022393E+01  0.76188636E-17
    1919 -0.74801458E+01 -0.10454958E-16 -0.76022393E+01  0.76188636E-17
    1920 -0.74805698E+01 -0.10454943E-16 -0.76022393E+01  0.76188636E-17
    1921 -0.74809876E+01 -0.10454874E-16 -0.76022393E+01  0.76188636E-17
    1922 -0.74813973E+01 -0.10454937E-16 -0.76022393E+01  0.76188636E-17
    1923 -0.74817820E+01 -0.10454904E-16 -0.76022393E+01  0.76188636E-17
    1924 -0.74822412E+01 -0.10454885E-16 -0.76022393E+01  0.76188636E-17
    1925 -0.74826892E+01 -0.10454636E-16 -0.76022393E+01  0.76188636E-17
    1926 -0.74831055E+01 -0.10454699E-16 -0.76022393E+01  0.76188636E-17
    1927 -0.74835439E+01 -0.10454707E-16 -0.76022393E+01  0.76188636E-17
    1928 -0.74839629E+01 -0.10454633E-16 -0.76022393E+01  0.76188636E-17
    1929 -0.74844177E+01 -0.10454514E-16 -0.76022393E+01  0.76188636E-17
    1930 -0.74848547E+01 -0.10454486E-16 -0.76022393E+01  0.76188636E-17
    1931 -0.74852722E+01 -0.10454302E-16 -0.76022393E+01  0.76188636E-17
    1932 -0.74856669E+01 -0.10454208E-16 -0.76022393E+01  0.76188636E-17
    1933 -0.74860858E+01 -0.10454171E-16 -0.76022393E+01  0.76188636E-17
    1934 -0.74865836E+01 -0.10454084E-16 -0.76022393E+01  0.76188636E-17
    1935 -0.74870028E+01 -0.10454005E-16 -0.76022393E+01  0.76188636E-17
    1936 -0.74874225E+01 -0.10453840E-16 -0.76022393E+01  0.76188636E-17
    1937 -0.74878474E+01 -0.10453701E-16 -0.76022393E+01  0.76188636E-17
    1938 -0.74882372E+01 -0.10453750E-16 -0.76022393E+01  0.76188636E-17
    1939 -0.74886858E+01 -0.10453647E-16 -0.76022393E+01  0.76188636E-17
    1940 -0.74891353E+01 -0.10453622E-16 -0.76022393E+01  0.76188636E-17
    1941 -0.74895488E+01 -0.10453490E-16 -0.76022393E+01  0.76188636E-17
    1942 -0.74899379E+01 -0.10453401E-16 -0.76022393E+01  0.76188636E-17
    1943 -0.74903872E+01 -0.10453429E-16 -0.76022393E+01  0.76188636E-17
    1944 -0.74907934E+01 -0.10453287E-16 -0.76022393E+01  0.76188636E-17
    1945 -0.74911958E+01 -0.10453197E-16 -0.76022393E+01  0.76188636E-17
    1946 -0.74916103E+01 -0.10453142E-16 -0.76022393E+01  0.76188636E-17
    1947 -0.74920698E+01 -0.10453104E-16 -0.76022393E+01  0.76188636E-17
    1948 -0.74924707E+01 -0.10452990E-16 -0.76022393E+01  0.76188636E-17
    1949 -0.74929054E+01 -0.10452879E-16 -0.76022393E+01  0.76188636E-17
    1950 -0.74933418E+01 -0.10452898E-16 -0.76022393E+01  0.76188636E-17
    1951 -0.74937368E+01 -0.10452776E-16 -0.76022393E+01  0.76188636E-17
    1952 -0.74941422E+01 -0.10452620E-16 -0.76022393E+01  0.76188636E-17
    1953 -0.74945165E+01 -0.10452514E-16 -0.76022393E+01  0.76188636E-17
    1954 -0.74949157E+01 -0.10452216E-16 -0.76022393E+01  0.76188636E-17
    1955 -0.74953383E+01 -0.10451849E-16 -0.76022393E+01  0.76188636E-17
    1956 -0.74957171E+01 -0.10451868E-16 -0.76022393E+01  0.76188636E-17
    1957 -0.74961173E+01 -0.10451738E-16 -0.76022393E+01  0.76188636E-17
    1958 -0.74965039E+01 -0.10451817E-16 -0.76022393E+01  0.76188636E-17
    1959 -0.74968628E+01 -0.10451830E-16 -0.76022393E+01  0.76188636E-17
    1960 -0.74972778E+01 -0.10451878E-16 -0.76022393E+01  0.76188636E-17
    1961 -0.74976215E+01 -0.10451936E-16 -0.76022393E+01  0.76188636E-17
    1962 -0.74979987E+01 -0.10451843E-16 -0.76022393E+01  0.76188636E-17
    1963 -0.74983662E+01 -0.10451874E-16 -0.76022393E+01  0.76188636E-17
    1964 -0.74987561E+01 -0.10451825E-16 -0.76022393E+01  0.76188636E-17
    1965 -0.74991401E+01 -0.10451887E-16 -0.76022393E+01  0.76188636E-17
    1966 -0.74995151E+01 -0.10451895E-16 -0.76022393E+01  0.76188636E-17
    1967 -0.74999155E+01 -0.10451990E-16 -0.76022393E+01  0.76188636E-17
    1968 -0.75003152E+01 -0.10451975E-16 -0.76022393E+01  0.76188636E-17
    1969 -0.75006853E+01 -0.10451946E-16 -0.76022393E+01  0.76188636E-17
    1970 -0.75010933E+01 -0.10451818E-16 -0.76022393E+01  0.76188636E-17
    1971 -0.75015381E+01 -0.10451685E-16 -0.76022393E+01  0.76188636E-17
    1972 -0.75019303E+01 -0.10451660E-16 -0.76022393E+01  0.76188636E-17
    1973 -0.75023606E+01 -0.10451584E-16 -0.76022393E+01  0.76188636E-17
    1974 -0.75027496E+01 -0.10451442E-16 -0.76022393E+01  0.76188636E-17
    1975 -0.75031151E+01 -0.10451344E-16 -0.76022393E+01  0.76188636E-17
    1976 -0.75034877E+01 -0.10451324E-16 -0.76022393E+01  0.76188636E-17
    1977 -0.75038985E+01 -0.10451113E-16 -0.76022393E+01  0.76188636E-17
    1978 -0.75042880E+01 -0.10451080E-16 -0.76022393E+01  0.76188636E-17
    1979 -0.75046817E+01 -0.10451030E-16 -0.76022393E+01  0.76188636E-17
    1980 -0.75050972E+01 -0.10451070E-16 -0.76022393E+01  0.76188636E-17
    1981 -0.75054944E+01 -0.10450999E-16 -0.76022393E+01  0.76188636E-17
    1982 -0.75058953E+01 -0.10450939E-16 -0.76022393E+01  0.76188636E-17
    1983 -0.75063195E+01 -0.10450897E-16 -0.76022393E+01  0.76188636E-17
    1984 -0.75066945E+01 -0.10450836E-16 -0.76022393E+01  0.76188636E-17
    1985 -0.75070687E+01 -0.10450824E-16 -0.76022393E+01  0.76188636E-17
    1986 -0.75074760E+01 -0.10450772E-16 -0.76022393E+01  0.76188636E-17
    1987 -0.75078440E+01 -0.10450747E-16 -0.76022393E+01  0.76188636E-17
    1988 -0.75081863E+01 -0.10450715E-16 -0.76022393E+01  0.76188636E-17
    1989 -0.75085708E+01 -0.10450659E-16 -0.76022393E+01  0.76188636E-17
    1990 -0.75089600E+01 -0.10450664E-16 -0.76022393E+01  0.76188636E-17
    1991 -0.75093561E+01 -0.10450668E-16 -0.76022393E+01  0.76188636E-17
    1992 -0.75097400E+01 -0.10450725E-16 -0.76022393E+01  0.76188636E-17
    1993 -0.75101483E+01 -0.10450648E-16 -0.76022393E+01  0.76188636E-17
    1994 -0.75105294E+01 -0.10450755E-16 -0.76022393E+01  0.76188636E-17
    1995 -0.75109079E+01 -0.10450878E-16 -0.76022393E+01  0.76188636E-17
    1996 -0.75112535E+01 -0.10450839E-16 -0.76022393E+01  0.76188636E-17
    1997 -0.75116441E+01 -0.10450921E-16 -0.76022393E+01  0.76188636E-17
    1998 -0.75120236E+01 -0.10450973E-16 -0.76022393E+01  0.76188636E-17
    1999 -0.75124254E+01 -0.10450963E-16 -0.76022393E+01  0.76188636E-17
    2000 -0.75127951E+01 -0.10450991E-16 -0.76022393E+01  0.76188636E-17
    2001 -0.75131469E+01 -0.10451051E-16 -0.76022393E+01  0.76188636E-17
    2002 -0.75135729E+01 -0.10451027E-16 -0.76022393E+01  0.76188636E-17
    2003 -0.75139684E+01 -0.10450911E-16 -0.76022393E+01  0.76188636E-17
    2004 -0.75143627E+01 -0.10450904E-16 -0.76022393E+01  0.76188636E-17
    2005 -0.75147362E+01 -0.10450886E-16 -0.76022393E+01  0.76188636E-17
    2006 -0.75151164E+01 -0.10450894E-16 -0.76022393E+01  0.76188636E-17
    2007 -0.75155331E+01 -0.10450862E-16 -0.76022393E+01  0.76188636E-17
    2008 -0.75159220E+01 -0.10450788E-16 -0.76022393E+01  0.76188636E-17
    2009 -0.75163293E+01 -0.10450823E-16 -0.76022393E+01  0.76188636E-17
    2010 -0.75167021E+01 -0.10450867E-16 -0.76022393E+01  0.76188636E-17
    2011 -0.75171187E+01 -0.10450972E-16 -0.76022393E+01  0.76188636E-17
    2012 -0.75174655E+01 -0.10451081E-16 -0.76022393E+01  0.76188636E-17
    2013 -0.75178662E+01 -0.10451193E-16 -0.76022393E+01  0.76188636E-17
    2014 -0.75182547E+01 -0.10451179E-16 -0.76022393E+01  0.76188636E-17
    2015 -0.75186572E+01 -0.10451153E-16 -0.76022393E+01  0.76188636E-17
    2016 -0.75190147E+01 -0.10451125E-16 -0.76022393E+01  0.76188636E-17
    2017 -0.75194194E+01 -0.10451173E-16 -0.76022393E+01  0.76188636E-17
    2018 -0.75197973E+01 -0.10451122E-16 -0.76022393E+01  0.76188636E-17
    2019 -0.75201995E+01 -0.10451253E-16 -0.76022393E+01  0.76188636E-17
    2020 -0.75206051E+01 -0.10451375E-16 -0.76022393E+01  0.76188636E-17
    2021 -0.75210097E+01 -0.10451248E-16 -0.76022393E+01  0.76188636E-17
    2022 -0.75214285E+01 -0.10451183E-16 -0.76022393E+01  0.76188636E-17
    2023 -0.75218162E+01 -0.10451167E-16 -0.76022393E+01  0.76188636E-17
    2024 -0.75222606E+01 -0.10451252E-16 -0.76022393E+01  0.76188636E-17
    2025 -0.75226890E+01 -0.10451426E-16 -0.76022393E+01  0.76188636E-17
    2026 -0.75230703E+01 -0.10451429E-16 -0.76022393E+01  0.76188636E-17
    2027 -0.75235306E+01 -0.10451296E-16 -0.76022393E+01  0.76188636E-17
    2028 -0.75238920E+01 -0.10451376E-16 -0.76022393E+01  0.76188636E-17
    2029 -0.75243416E+01 -0.10451439E-16 -0.76022393E+01  0.76188636E-17
    2030 -0.75248133E+01 -0.10451262E-16 -0.76022393E+01  0.76188636E-17
    2031 -0.75251938E+01 -0.10451290E-16 -0.76022393E+01  0.76188636E-17
    2032 -0.75256774E+01 -0.10451244E-16 -0.76022393E+01  0.76188636E-17
    2033 -0.75260624E+01 -0.10451223E-16 -0.76022393E+01  0.76188636E-17
    2034 -0.75265112E+01 -0.10451351E-16 -0.76022393E+01  0.76188636E-17
    2035 -0.75269394E+01 -0.10451348E-16 -0.76022393E+01  0.76188636E-17
    2036 -0.75273729E+01 -0.10451294E-16 -0.76022393E+01  0.76188636E-17
    2037 -0.75278283E+01 -0.10451250E-16 -0.76022393E+01  0.76188636E-17
    2038 -0.75282742E+01 -0.10451294E-16 -0.76022393E+01  0.76188636E-17
    2039 -0.75287162E+01 -0.10451251E-16 -0.76022393E+01  0.76188636E-17
    2040 -0.75291578E+01 -0.10451261E-16 -0.76022393E+01  0.76188636E-17
    2041 -0.75295531E+01 -0.10451271E-16 -0.76022393E+01  0.76188636E-17
    2042 -0.75300376E+01 -0.10451223E-16 -0.76022393E+01  0.76188636E-17
    2043 -0.75305319E+01 -0.10451175E-16 -0.76022393E+01  0.76188636E-17
    2044 -0.75309339E+01 -0.10451236E-16 -0.76022393E+01  0.76188636E-17
    2045 -0.75313743E+01 -0.10451228E-16 -0.76022393E+01  0.76188636E-17
    2046 -0.75317817E+01 -0.10451216E-16 -0.76022393E+01  0.76188636E-17
    2047 -0.75321804E+01 -0.10451320E-16 -0.76022393E+01  0.76188636E-17
    2048 -0.75325611E+01 -0.10451375E-16 -0.76022393E+01  0.76188636E-17
