n ch_hole col3
    1000 -0.66031805E+01 -0.93102880E-17
    1001 -0.66040325E+01 -0.93103219E-17
    1002 -0.66049538E+01 -0.93105260E-17
    1003 -0.66058740E+01 -0.93111573E-17
    1004 -0.66069692E+01 -0.93114219E-17
    1005 -0.66081840E+01 -0.93118886E-17
    1006 -0.66092708E+01 -0.93114828E-17
    1007 -0.66103902E+01 -0.93112982E-17
    1008 -0.66116782E+01 -0.93118504E-17
    1009 -0.66130440E+01 -0.93116053E-17
    1010 -0.66137643E+01 -0.93120120E-17
    1011 -0.66149596E+01 -0.93124250E-17
    1012 -0.66158589E+01 -0.93122691E-17
    1013 -0.66168485E+01 -0.93127315E-17
    1014 -0.66179130E+01 -0.93130589E-17
    1015 -0.66189299E+01 -0.93135481E-17
    1016 -0.66199618E+01 -0.93136641E-17
    1017 -0.66210289E+01 -0.93140277E-17
    1018 -0.66221881E+01 -0.93140212E-17
    1019 -0.66231500E+01 -0.93139539E-17
    1020 -0.66240998E+01 -0.93134757E-17
    1021 -0.66249572E+01 -0.93144555E-17
    1022 -0.66260341E+01 -0.93144293E-17
    1023 -0.66269519E+01 -0.93151366E-17
    1024 -0.66278447E+01 -0.93156552E-17
    1025 -0.66290321E+01 -0.93164225E-17
    1026 -0.66298513E+01 -0.93164789E-17
    1027 -0.66307678E+01 -0.93169444E-17
    1028 -0.66318430E+01 -0.93170554E-17
    1029 -0.66327716E+01 -0.93178397E-17
    1030 -0.66336017E+01 -0.93178321E-17
    1031 -0.66346407E+01 -0.93182664E-17
    1032 -0.66356175E+01 -0.93183402E-17
    1033 -0.66364617E+01 -0.93187339E-17
    1034 -0.66373308E+01 -0.93181907E-17
    1035 -0.66381487E+01 -0.93184364E-17
    1036 -0.66390643E+01 -0.93186433E-17
    1037 -0.66397998E+01 -0.93190995E-17
    1038 -0.66409961E+01 -0.93190080E-17
    1039 -0.66418517E+01 -0.93188539E-17
    1040 -0.66427647E+01 -0.93192562E-17
    1041 -0.66435697E+01 -0.93191864E-17
    1042 -0.66444609E+01 -0.93193288E-17
    1043 -0.66455912E+01 -0.93199418E-17
    1044 -0.66464761E+01 -0.93206294E-17
    1045 -0.66474181E+01 -0.93208979E-17
    1046 -0.66483561E+01 -0.93210724E-17
    1047 -0.66492900E+01 -0.93211171E-17
    1048 -0.66502712E+01 -0.93212140E-17
    1049 -0.66511644E+01 -0.93221103E-17
    1050 -0.66522597E+01 -0.93225657E-17
    1051 -0.66532061E+01 -0.93228010E-17
    1052 -0.66542363E+01 -0.93229564E-17
    1053 -0.66547554E+01 -0.93230762E-17
    1054 -0.66556446E+01 -0.93229300E-17
    1055 -0.66566821E+01 -0.93234464E-17
    1056 -0.66575822E+01 -0.93240027E-17
    1057 -0.66585288E+01 -0.93241951E-17
    1058 -0.66595362E+01 -0.93240946E-17
    1059 -0.66605269E+01 -0.93243858E-17
    1060 -0.66615521E+01 -0.93242420E-17
    1061 -0.66624854E+01 -0.93248254E-17
    1062 -0.66634680E+01 -0.93246523E-17
    1063 -0.66644403E+01 -0.93244520E-17
    1064 -0.66654659E+01 -0.93247245E-17
    1065 -0.66663409E+01 -0.93246053E-17
    1066 -0.66673906E+01 -0.93248318E-17
    1067 -0.66681437E+01 -0.93245255E-17
    1068 -0.66691007E+01 -0.93245314E-17
    1069 -0.66698072E+01 -0.93246336E-17
    1070 -0.66707716E+01 -0.93253640E-17
    1071 -0.66716925E+01 -0.93254778E-17
    1072 -0.66725571E+01 -0.93250696E-17
    1073 -0.66733462E+01 -0.93251054E-17
    1074 -0.66743439E+01 -0.93248919E-17
    1075 -0.66751902E+01 -0.93250571E-17
    1076 -0.66758433E+01 -0.93252462E-17
    1077 -0.66765278E+01 -0.93251945E-17
    1078 -0.66776488E+01 -0.93252339E-17
    1079 -0.66786127E+01 -0.93254770E-17
    1080 -0.66797737E+01 -0.93260038E-17
    1081 -0.66807338E+01 -0.93262012E-17
    1082 -0.66818712E+01 -0.93260318E-17
    1083 -0.66826670E+01 -0.93261592E-17
    1084 -0.66835005E+01 -0.93259372E-17
    1085 -0.66844996E+01 -0.93265931E-17
    1086 -0.66856859E+01 -0.93261355E-17
    1087 -0.66867120E+01 -0.93262106E-17
    1088 -0.66875906E+01 -0.93265924E-17
    1089 -0.66884580E+01 -0.93269605E-17
    1090 -0.66892523E+01 -0.93271504E-17
    1091 -0.66899669E+01 -0.93270361E-17
    1092 -0.66907059E+01 -0.93269442E-17
    1093 -0.66917428E+01 -0.93272772E-17
    1094 -0.66927884E+01 -0.93274406E-17
    1095 -0.66935187E+01 -0.93280690E-17
    1096 -0.66944852E+01 -0.93283558E-17
    1097 -0.66954926E+01 -0.93287733E-17
    1098 -0.66963479E+01 -0.93290010E-17
    1099 -0.66974010E+01 -0.93287278E-17
    1100 -0.66983130E+01 -0.93289391E-17
    1101 -0.66992101E+01 -0.93294210E-17
    1102 -0.66998912E+01 -0.93294261E-17
    1103 -0.67007515E+01 -0.93292527E-17
    1104 -0.67015852E+01 -0.93296362E-17
    1105 -0.67026404E+01 -0.93291717E-17
    1106 -0.67034662E+01 -0.93293932E-17
    1107 -0.67040847E+01 -0.93293682E-17
    1108 -0.67049296E+01 -0.93297993E-17
    1109 -0.67060449E+01 -0.93294231E-17
    1110 -0.67069300E+01 -0.93295869E-17
    1111 -0.67078253E+01 -0.93300439E-17
    1112 -0.67086476E+01 -0.93304266E-17
    1113 -0.67095148E+01 -0.93306805E-17
    1114 -0.67104928E+01 -0.93306732E-17
    1115 -0.67111049E+01 -0.93306650E-17
    1116 -0.67120030E+01 -0.93305120E-17
    1117 -0.67128262E+01 -0.93304186E-17
    1118 -0.67137953E+01 -0.93301855E-17
    1119 -0.67145963E+01 -0.93304782E-17
    1120 -0.67155222E+01 -0.93304277E-17
    1121 -0.67165460E+01 -0.93313406E-17
    1122 -0.67173140E+01 -0.93313697E-17
    1123 -0.67181534E+01 -0.93319747E-17
    1124 -0.67188381E+01 -0.93317940E-17
    1125 -0.67195424E+01 -0.93322381E-17
    1126 -0.67203607E+01 -0.93327898E-17
    1127 -0.67210093E+01 -0.93329925E-17
    1128 -0.67218220E+01 -0.93329190E-17
    1129 -0.67226353E+01 -0.93331471E-17
    1130 -0.67233548E+01 -0.93329563E-17
    1131 -0.67239755E+01 -0.93331545E-17
    1132 -0.67248311E+01 -0.93335793E-17
    1133 -0.67257113E+01 -0.93337853E-17
    1134 -0.67267386E+01 -0.93344626E-17
    1135 -0.67274555E+01 -0.93344221E-17
    1136 -0.67281642E+01 -0.93344273E-17
    1137 -0.67288853E+01 -0.93346641E-17
    1138 -0.67298598E+01 -0.93350507E-17
    1139 -0.67307859E+01 -0.93349712E-17
    1140 -0.67314275E+01 -0.93353027E-17
    1141 -0.67321664E+01 -0.93355700E-17
    1142 -0.67328795E+01 -0.93354756E-17
    1143 -0.67337108E+01 -0.93358063E-17
    1144 -0.67348937E+01 -0.93364110E-17
    1145 -0.67360471E+01 -0.93365596E-17
    1146 -0.67370096E+01 -0.93370348E-17
    1147 -0.67379126E+01 -0.93373684E-17
    1148 -0.67390135E+01 -0.93369216E-17
    1149 -0.67400166E+01 -0.93370794E-17
    1150 -0.67410525E+01 -0.93375391E-17
    1151 -0.67421454E+01 -0.93379473E-17
    1152 -0.67432228E+01 -0.93388163E-17
    1153 -0.67441638E+01 -0.93389156E-17
    1154 -0.67451880E+01 -0.93390744E-17
    1155 -0.67461690E+01 -0.93391868E-17
    1156 -0.67472504E+01 -0.93390628E-17
    1157 -0.67480424E+01 -0.93391889E-17
    1158 -0.67488551E+01 -0.93392151E-17
    1159 -0.67496145E+01 -0.93391210E-17
    1160 -0.67504867E+01 -0.93390356E-17
    1161 -0.67512582E+01 -0.93393331E-17
    1162 -0.67520377E+01 -0.93396567E-17
    1163 -0.67529683E+01 -0.93400033E-17
    1164 -0.67539684E+01 -0.93402552E-17
    1165 -0.67547884E+01 -0.93404562E-17
    1166 -0.67557327E+01 -0.93403944E-17
    1167 -0.67567074E+01 -0.93405061E-17
    1168 -0.67574656E+01 -0.93404586E-17
    1169 -0.67584326E+01 -0.93408044E-17
    1170 -0.67591960E+01 -0.93408403E-17
    1171 -0.67599781E+01 -0.93408475E-17
    1172 -0.67607735E+01 -0.93408271E-17
    1173 -0.67616750E+01 -0.93411509E-17
    1174 -0.67623094E+01 -0.93413292E-17
    1175 -0.67629808E+01 -0.93411112E-17
    1176 -0.67636390E+01 -0.93410599E-17
    1177 -0.67644071E+01 -0.93405436E-17
    1178 -0.67653333E+01 -0.93407379E-17
    1179 -0.67661122E+01 -0.93409774E-17
    1180 -0.67668957E+01 -0.93409683E-17
    1181 -0.67678938E+01 -0.93414193E-17
    1182 -0.67688210E+01 -0.93419066E-17
    1183 -0.67695830E+01 -0.93421879E-17
    1184 -0.67704402E+01 -0.93423932E-17
    1185 -0.67712111E+01 -0.93424434E-17
    1186 -0.67719040E+01 -0.93424305E-17
    1187 -0.67727035E+01 -0.93422742E-17
    1188 -0.67733842E+01 -0.93424472E-17
    1189 -0.67741909E+01 -0.93423285E-17
    1190 -0.67750990E+01 -0.93428564E-17
    1191 -0.67759924E+01 -0.93428993E-17
    1192 -0.67768714E+01 -0.93428257E-17
    1193 -0.67776660E+01 -0.93426994E-17
    1194 -0.67785880E+01 -0.93429096E-17
    1195 -0.67794209E+01 -0.93430147E-17
    1196 -0.67803378E+01 -0.93433077E-17
    1197 -0.67812389E+01 -0.93435906E-17
    1198 -0.67821153E+01 -0.93438545E-17
    1199 -0.67827982E+01 -0.93436778E-17
    1200 -0.67837311E+01 -0.93433933E-17
    1201 -0.67847316E+01 -0.93428931E-17
    1202 -0.67856460E+01 -0.93428528E-17
    1203 -0.67864319E+01 -0.93429101E-17
    1204 -0.67872839E+01 -0.93430105E-17
    1205 -0.67880616E+01 -0.93434469E-17
    1206 -0.67888794E+01 -0.93433161E-17
    1207 -0.67896062E+01 -0.93436631E-17
    1208 -0.67903582E+01 -0.93439476E-17
    1209 -0.67910000E+01 -0.93440287E-17
    1210 -0.67916829E+01 -0.93444308E-17
    1211 -0.67927626E+01 -0.93439537E-17
    1212 -0.67935250E+01 -0.93436508E-17
    1213 -0.67943010E+01 -0.93436456E-17
    1214 -0.67951164E+01 -0.93439142E-17
    1215 -0.67958421E+01 -0.93439086E-17
    1216 -0.67965030E+01 -0.93441070E-17
    1217 -0.67973212E+01 -0.93442166E-17
    1218 -0.67980038E+01 -0.93446170E-17
    1219 -0.67987364E+01 -0.93446301E-17
    1220 -0.67996067E+01 -0.93451876E-17
    1221 -0.68003718E+01 -0.93452947E-17
    1222 -0.68010599E+01 -0.93451439E-17
    1223 -0.68016676E+01 -0.93452878E-17
    1224 -0.68025015E+01 -0.93454749E-17
    1225 -0.68033320E+01 -0.93459116E-17
    1226 -0.68040399E+01 -0.93455332E-17
    1227 -0.68047589E+01 -0.93457830E-17
    1228 -0.68056273E+01 -0.93458789E-17
    1229 -0.68063165E+01 -0.93456402E-17
    1230 -0.68070789E+01 -0.93455899E-17
    1231 -0.68077338E+01 -0.93457004E-17
    1232 -0.68085215E+01 -0.93463615E-17
    1233 -0.68093248E+01 -0.93460689E-17
    1234 -0.68100862E+01 -0.93457487E-17
    1235 -0.68107899E+01 -0.93459255E-17
    1236 -0.68114403E+01 -0.93460842E-17
    1237 -0.68119880E+01 -0.93462696E-17
    1238 -0.68126822E+01 -0.93464024E-17
    1239 -0.68133978E+01 -0.93460060E-17
    1240 -0.68142262E+01 -0.93455501E-17
    1241 -0.68150055E+01 -0.93455724E-17
    1242 -0.68155962E+01 -0.93454951E-17
    1243 -0.68163239E+01 -0.93454617E-17
    1244 -0.68169382E+01 -0.93453193E-17
    1245 -0.68176356E+01 -0.93454522E-17
    1246 -0.68182892E+01 -0.93454371E-17
    1247 -0.68191323E+01 -0.93456191E-17
    1248 -0.68198655E+01 -0.93458672E-17
    1249 -0.68205890E+01 -0.93456365E-17
    1250 -0.68213742E+01 -0.93453843E-17
    1251 -0.68220436E+01 -0.93454367E-17
    1252 -0.68226553E+01 -0.93453080E-17
    1253 -0.68234323E+01 -0.93455574E-17
    1254 -0.68241335E+01 -0.93454279E-17
    1255 -0.68247598E+01 -0.93452138E-17
    1256 -0.68253785E+01 -0.93452818E-17
    1257 -0.68260343E+01 -0.93451611E-17
    1258 -0.68267882E+01 -0.93452628E-17
    1259 -0.68275212E+01 -0.93455015E-17
    1260 -0.68282023E+01 -0.93457435E-17
    1261 -0.68289205E+01 -0.93458841E-17
    1262 -0.68295920E+01 -0.93458980E-17
    1263 -0.68300770E+01 -0.93458197E-17
    1264 -0.68307546E+01 -0.93459820E-17
    1265 -0.68314443E+01 -0.93458794E-17
    1266 -0.68320563E+01 -0.93459020E-17
    1267 -0.68326342E+01 -0.93457787E-17
    1268 -0.68333110E+01 -0.93455921E-17
    1269 -0.68339949E+01 -0.93456698E-17
    1270 -0.68346736E+01 -0.93457240E-17
    1271 -0.68352201E+01 -0.93458665E-17
    1272 -0.68358309E+01 -0.93456067E-17
    1273 -0.68366488E+01 -0.93460161E-17
    1274 -0.68372916E+01 -0.93458209E-17
    1275 -0.68380929E+01 -0.93458382E-17
    1276 -0.68387142E+01 -0.93456035E-17
    1277 -0.68395069E+01 -0.93457659E-17
    1278 -0.68401579E+01 -0.93458450E-17
    1279 -0.68408788E+01 -0.93456338E-17
    1280 -0.68414827E+01 -0.93454869E-17
    1281 -0.68421473E+01 -0.93454856E-17
    1282 -0.68429364E+01 -0.93453662E-17
    1283 -0.68435155E+01 -0.93453369E-17
    1284 -0.68442412E+01 -0.93453731E-17
    1285 -0.68448524E+01 -0.93455643E-17
    1286 -0.68454243E+01 -0.93455618E-17
    1287 -0.68461090E+01 -0.93456913E-17
    1288 -0.68467896E+01 -0.93458235E-17
    1289 -0.68475064E+01 -0.93456478E-17
    1290 -0.68483706E+01 -0.93457380E-17
    1291 -0.68492279E+01 -0.93460799E-17
    1292 -0.68499715E+01 -0.93462502E-17
    1293 -0.68508056E+01 -0.93461471E-17
    1294 -0.68514033E+01 -0.93462874E-17
    1295 -0.68521820E+01 -0.93462689E-17
    1296 -0.68528220E+01 -0.93459709E-17
    1297 -0.68535080E+01 -0.93460586E-17
    1298 -0.68541301E+01 -0.93462598E-17
    1299 -0.68548786E+01 -0.93463164E-17
    1300 -0.68555958E+01 -0.93464596E-17
    1301 -0.68562995E+01 -0.93466348E-17
    1302 -0.68569809E+01 -0.93471791E-17
    1303 -0.68577809E+01 -0.93470172E-17
    1304 -0.68584904E+01 -0.93468089E-17
    1305 -0.68592192E+01 -0.93470276E-17
    1306 -0.68600246E+01 -0.93471602E-17
    1307 -0.68608009E+01 -0.93468432E-17
    1308 -0.68616565E+01 -0.93469611E-17
    1309 -0.68624982E+01 -0.93471322E-17
    1310 -0.68634037E+01 -0.93476225E-17
    1311 -0.68641502E+01 -0.93476556E-17
    1312 -0.68649729E+01 -0.93477161E-17
    1313 -0.68657193E+01 -0.93477851E-17
    1314 -0.68665598E+01 -0.93480120E-17
    1315 -0.68672270E+01 -0.93482224E-17
    1316 -0.68680067E+01 -0.93480794E-17
    1317 -0.68688147E+01 -0.93480717E-17
    1318 -0.68695815E+01 -0.93481505E-17
    1319 -0.68703712E+01 -0.93477627E-17
    1320 -0.68710288E+01 -0.93478970E-17
    1321 -0.68718492E+01 -0.93483127E-17
    1322 -0.68727376E+01 -0.93481191E-17
    1323 -0.68735484E+01 -0.93477839E-17
    1324 -0.68741945E+01 -0.93476473E-17
    1325 -0.68748471E+01 -0.93476206E-17
    1326 -0.68755305E+01 -0.93476327E-17
    1327 -0.68765246E+01 -0.93472013E-17
    1328 -0.68772738E+01 -0.93470968E-17
    1329 -0.68781148E+01 -0.93472177E-17
    1330 -0.68791732E+01 -0.93471360E-17
    1331 -0.68798471E+01 -0.93470927E-17
    1332 -0.68805548E+01 -0.93471521E-17
    1333 -0.68813038E+01 -0.93473317E-17
    1334 -0.68821186E+01 -0.93471850E-17
    1335 -0.68829879E+01 -0.93470397E-17
    1336 -0.68836740E+01 -0.93472840E-17
    1337 -0.68842941E+01 -0.93472438E-17
    1338 -0.68849674E+01 -0.93473269E-17
    1339 -0.68858170E+01 -0.93473949E-17
    1340 -0.68864332E+01 -0.93474630E-17
    1341 -0.68870873E+01 -0.93475392E-17
    1342 -0.68878996E+01 -0.93474846E-17
    1343 -0.68886277E+01 -0.93476202E-17
    1344 -0.68895036E+01 -0.93479757E-17
    1345 -0.68902200E+01 -0.93477946E-17
    1346 -0.68908028E+01 -0.93478884E-17
    1347 -0.68914596E+01 -0.93476375E-17
    1348 -0.68920836E+01 -0.93475496E-17
    1349 -0.68927612E+01 -0.93475385E-17
    1350 -0.68935399E+01 -0.93478132E-17
    1351 -0.68941370E+01 -0.93479701E-17
    1352 -0.68948262E+01 -0.93476122E-17
    1353 -0.68955896E+01 -0.93475105E-17
    1354 -0.68962190E+01 -0.93477657E-17
    1355 -0.68968333E+01 -0.93479480E-17
    1356 -0.68973831E+01 -0.93479329E-17
    1357 -0.68980307E+01 -0.93477164E-17
    1358 -0.68986789E+01 -0.93477275E-17
    1359 -0.68992793E+01 -0.93476899E-17
    1360 -0.68998250E+01 -0.93478424E-17
    1361 -0.69005413E+01 -0.93477415E-17
    1362 -0.69012457E+01 -0.93475408E-17
    1363 -0.69019706E+01 -0.93471667E-17
    1364 -0.69025185E+01 -0.93470012E-17
    1365 -0.69032440E+01 -0.93471900E-17
    1366 -0.69040394E+01 -0.93472205E-17
    1367 -0.69047028E+01 -0.93471552E-17
    1368 -0.69054367E+01 -0.93472803E-17
    1369 -0.69064550E+01 -0.93475365E-17
    1370 -0.69071512E+01 -0.93474088E-17
    1371 -0.69079089E+01 -0.93474553E-17
    1372 -0.69086588E+01 -0.93474536E-17
    1373 -0.69093808E+01 -0.93472947E-17
    1374 -0.69101586E+01 -0.93473346E-17
    1375 -0.69107646E+01 -0.93472042E-17
    1376 -0.69113367E+01 -0.93466228E-17
    1377 -0.69120857E+01 -0.93465287E-17
    1378 -0.69129295E+01 -0.93462150E-17
    1379 -0.69135051E+01 -0.93460408E-17
    1380 -0.69143644E+01 -0.93455892E-17
    1381 -0.69150505E+01 -0.93454628E-17
    1382 -0.69156409E+01 -0.93457510E-17
    1383 -0.69164802E+01 -0.93452265E-17
    1384 -0.69172570E+01 -0.93448594E-17
    1385 -0.69178569E+01 -0.93450594E-17
    1386 -0.69186928E+01 -0.93448994E-17
    1387 -0.69194607E+01 -0.93448378E-17
    1388 -0.69201484E+01 -0.93445661E-17
    1389 -0.69210651E+01 -0.93447537E-17
    1390 -0.69217170E+01 -0.93447684E-17
    1391 -0.69224516E+01 -0.93447882E-17
    1392 -0.69231156E+01 -0.93447824E-17
    1393 -0.69237354E+01 -0.93449086E-17
    1394 -0.69244281E+01 -0.93451968E-17
    1395 -0.69251243E+01 -0.93453984E-17
    1396 -0.69258245E+01 -0.93454734E-17
    1397 -0.69264843E+01 -0.93455402E-17
    1398 -0.69272579E+01 -0.93455887E-17
    1399 -0.69280007E+01 -0.93452405E-17
    1400 -0.69286997E+01 -0.93454337E-17
    1401 -0.69292566E+01 -0.93456192E-17
    1402 -0.69299306E+01 -0.93458688E-17
    1403 -0.69303553E+01 -0.93458678E-17
    1404 -0.69308907E+01 -0.93461049E-17
    1405 -0.69315519E+01 -0.93461144E-17
    1406 -0.69323262E+01 -0.93462700E-17
    1407 -0.69330260E+01 -0.93461620E-17
    1408 -0.69336084E+01 -0.93460607E-17
    1409 -0.69342830E+01 -0.93460895E-17
    1410 -0.69350084E+01 -0.93461172E-17
    1411 -0.69356007E+01 -0.93463577E-17
    1412 -0.69362422E+01 -0.93465649E-17
    1413 -0.69368657E+01 -0.93466873E-17
    1414 -0.69376645E+01 -0.93467859E-17
    1415 -0.69382571E+01 -0.93467537E-17
    1416 -0.69387354E+01 -0.93467074E-17
    1417 -0.69392336E+01 -0.93462674E-17
    1418 -0.69397690E+01 -0.93461164E-17
    1419 -0.69403017E+01 -0.93461586E-17
    1420 -0.69409353E+01 -0.93461849E-17
    1421 -0.69414992E+01 -0.93461292E-17
    1422 -0.69420172E+01 -0.93459061E-17
    1423 -0.69425905E+01 -0.93460765E-17
    1424 -0.69431676E+01 -0.93461023E-17
    1425 -0.69436796E+01 -0.93463539E-17
    1426 -0.69442226E+01 -0.93465506E-17
    1427 -0.69447046E+01 -0.93467616E-17
    1428 -0.69452748E+01 -0.93467129E-17
    1429 -0.69458869E+01 -0.93465416E-17
    1430 -0.69465087E+01 -0.93462791E-17
    1431 -0.69471024E+01 -0.93463651E-17
    1432 -0.69477690E+01 -0.93465678E-17
    1433 -0.69484170E+01 -0.93467816E-17
    1434 -0.69491459E+01 -0.93469025E-17
    1435 -0.69497078E+01 -0.93470727E-17
    1436 -0.69503200E+01 -0.93471126E-17
    1437 -0.69509207E+01 -0.93470437E-17
    1438 -0.69515485E+01 -0.93470065E-17
    1439 -0.69519819E+01 -0.93469955E-17
    1440 -0.69525041E+01 -0.93469938E-17
    1441 -0.69530546E+01 -0.93472043E-17
    1442 -0.69535688E+01 -0.93475912E-17
    1443 -0.69541496E+01 -0.93474631E-17
    1444 -0.69546397E+01 -0.93475322E-17
    1445 -0.69552363E+01 -0.93474709E-17
    1446 -0.69558910E+01 -0.93473952E-17
    1447 -0.69564734E+01 -0.93474799E-17
    1448 -0.69570217E+01 -0.93475121E-17
    1449 -0.69575775E+01 -0.93473382E-17
    1450 -0.69580615E+01 -0.93472821E-17
    1451 -0.69585903E+01 -0.93470476E-17
    1452 -0.69591709E+01 -0.93471319E-17
    1453 -0.69596900E+01 -0.93471725E-17
    1454 -0.69602681E+01 -0.93469552E-17
    1455 -0.69608324E+01 -0.93470177E-17
    1456 -0.69613261E+01 -0.93469141E-17
    1457 -0.69618684E+01 -0.93469948E-17
    1458 -0.69624593E+01 -0.93469616E-17
    1459 -0.69629267E+01 -0.93470511E-17
    1460 -0.69634693E+01 -0.93471639E-17
    1461 -0.69640497E+01 -0.93470901E-17
    1462 -0.69645969E+01 -0.93473002E-17
    1463 -0.69651126E+01 -0.93474291E-17
    1464 -0.69656066E+01 -0.93474621E-17
    1465 -0.69660920E+01 -0.93475580E-17
    1466 -0.69666527E+01 -0.93475241E-17
    1467 -0.69672891E+01 -0.93471892E-17
    1468 -0.69678156E+01 -0.93471056E-17
    1469 -0.69684139E+01 -0.93469848E-17
    1470 -0.69689775E+01 -0.93470263E-17
    1471 -0.69696058E+01 -0.93469555E-17
    1472 -0.69701537E+01 -0.93469336E-17
    1473 -0.69706808E+01 -0.93470456E-17
    1474 -0.69711771E+01 -0.93469030E-17
    1475 -0.69716583E+01 -0.93469165E-17
    1476 -0.69721508E+01 -0.93469965E-17
    1477 -0.69727542E+01 -0.93468334E-17
    1478 -0.69733031E+01 -0.93466774E-17
    1479 -0.69738972E+01 -0.93467507E-17
    1480 -0.69744929E+01 -0.93466072E-17
    1481 -0.69750390E+01 -0.93466053E-17
    1482 -0.69755838E+01 -0.93466403E-17
    1483 -0.69762454E+01 -0.93464532E-17
    1484 -0.69768348E+01 -0.93466295E-17
    1485 -0.69774252E+01 -0.93466542E-17
    1486 -0.69779704E+01 -0.93465827E-17
    1487 -0.69785887E+01 -0.93467103E-17
    1488 -0.69790809E+01 -0.93467204E-17
    1489 -0.69795743E+01 -0.93469098E-17
    1490 -0.69800343E+01 -0.93471113E-17
    1491 -0.69807575E+01 -0.93472574E-17
    1492 -0.69813522E+01 -0.93473363E-17
    1493 -0.69818738E+01 -0.93473967E-17
    1494 -0.69824066E+01 -0.93474832E-17
    1495 -0.69829557E+01 -0.93475494E-17
    1496 -0.69835857E+01 -0.93476426E-17
    1497 -0.69841698E+01 -0.93476372E-17
    1498 -0.69847636E+01 -0.93475005E-17
    1499 -0.69853172E+01 -0.93473578E-17
    1500 -0.69858353E+01 -0.93475775E-17
    1501 -0.69863129E+01 -0.93476415E-17
    1502 -0.69868442E+01 -0.93474811E-17
    1503 -0.69874199E+01 -0.93478592E-17
    1504 -0.69879482E+01 -0.93479165E-17
    1505 -0.69884996E+01 -0.93480045E-17
    1506 -0.69890030E+01 -0.93480106E-17
    1507 -0.69895606E+01 -0.93480708E-17
    1508 -0.69901161E+01 -0.93481862E-17
    1509 -0.69906367E+01 -0.93481290E-17
    1510 -0.69911406E+01 -0.93481080E-17
    1511 -0.69916409E+01 -0.93481365E-17
    1512 -0.69921803E+01 -0.93482372E-17
    1513 -0.69927244E+01 -0.93480986E-17
    1514 -0.69932714E+01 -0.93479212E-17
    1515 -0.69939490E+01 -0.93480305E-17
    1516 -0.69944784E+01 -0.93480635E-17
    1517 -0.69950698E+01 -0.93480990E-17
    1518 -0.69956523E+01 -0.93481168E-17
    1519 -0.69963187E+01 -0.93484660E-17
    1520 -0.69968858E+01 -0.93483575E-17
    1521 -0.69973592E+01 -0.93483580E-17
    1522 -0.69978531E+01 -0.93483943E-17
    1523 -0.69983270E+01 -0.93485110E-17
    1524 -0.69987808E+01 -0.93484330E-17
    1525 -0.69993467E+01 -0.93486683E-17
    1526 -0.69999317E+01 -0.93488883E-17
    1527 -0.70003996E+01 -0.93487805E-17
    1528 -0.70008384E+01 -0.93488979E-17
    1529 -0.70012558E+01 -0.93488808E-17
    1530 -0.70016960E+01 -0.93489790E-17
    1531 -0.70022077E+01 -0.93490496E-17
    1532 -0.70027261E+01 -0.93490226E-17
    1533 -0.70032508E+01 -0.93490012E-17
    1534 -0.70038042E+01 -0.93486601E-17
    1535 -0.70043035E+01 -0.93485879E-17
    1536 -0.70047859E+01 -0.93485874E-17
    1537 -0.70053491E+01 -0.93486640E-17
    1538 -0.70058134E+01 -0.93487193E-17
    1539 -0.70062473E+01 -0.93488735E-17
    1540 -0.70067447E+01 -0.93489320E-17
    1541 -0.70072267E+01 -0.93487517E-17
    1542 -0.70077214E+01 -0.93487535E-17
    1543 -0.70082394E+01 -0.93487530E-17
    1544 -0.70086982E+01 -0.93488180E-17
    1545 -0.70091479E+01 -0.93489270E-17
    1546 -0.70096768E+01 -0.93489719E-17
    1547 -0.70102036E+01 -0.93487666E-17
    1548 -0.70107001E+01 -0.93487274E-17
    1549 -0.70112368E+01 -0.93486776E-17
    1550 -0.70117255E+01 -0.93486673E-17
    1551 -0.70121807E+01 -0.93487848E-17
    1552 -0.70126215E+01 -0.93486923E-17
    1553 -0.70129780E+01 -0.93486971E-17
    1554 -0.70134981E+01 -0.93487161E-17
    1555 -0.70139712E+01 -0.93486394E-17
    1556 -0.70144809E+01 -0.93485124E-17
    1557 -0.70148719E+01 -0.93484550E-17
    1558 -0.70153766E+01 -0.93484447E-17
    1559 -0.70157947E+01 -0.93484771E-17
    1560 -0.70162764E+01 -0.93484721E-17
    1561 -0.70167366E+01 -0.93485768E-17
    1562 -0.70172030E+01 -0.93485934E-17
    1563 -0.70176107E+01 -0.93486372E-17
    1564 -0.70180579E+01 -0.93484534E-17
    1565 -0.70184712E+01 -0.93483587E-17
    1566 -0.70190129E+01 -0.93483218E-17
    1567 -0.70196115E+01 -0.93483030E-17
    1568 -0.70201393E+01 -0.93484689E-17
    1569 -0.70206715E+01 -0.93482900E-17
    1570 -0.70211825E+01 -0.93484024E-17
    1571 -0.70216680E+01 -0.93485834E-17
    1572 -0.70220745E+01 -0.93485321E-17
    1573 -0.70224978E+01 -0.93486869E-17
    1574 -0.70229867E+01 -0.93485458E-17
    1575 -0.70234714E+01 -0.93485944E-17
    1576 -0.70239176E+01 -0.93485318E-17
    1577 -0.70243404E+01 -0.93486510E-17
    1578 -0.70248211E+01 -0.93484910E-17
    1579 -0.70253217E+01 -0.93485088E-17
    1580 -0.70258190E+01 -0.93483925E-17
    1581 -0.70262177E+01 -0.93483447E-17
    1582 -0.70265912E+01 -0.93483038E-17
    1583 -0.70269242E+01 -0.93483288E-17
    1584 -0.70273046E+01 -0.93483741E-17
    1585 -0.70276878E+01 -0.93484063E-17
    1586 -0.70281102E+01 -0.93483037E-17
    1587 -0.70285652E+01 -0.93483236E-17
    1588 -0.70290417E+01 -0.93483971E-17
    1589 -0.70294461E+01 -0.93484378E-17
    1590 -0.70298625E+01 -0.93484413E-17
    1591 -0.70303033E+01 -0.93485524E-17
    1592 -0.70307131E+01 -0.93484059E-17
    1593 -0.70311534E+01 -0.93484313E-17
    1594 -0.70316137E+01 -0.93483448E-17
    1595 -0.70320530E+01 -0.93482746E-17
    1596 -0.70324817E+01 -0.93482444E-17
    1597 -0.70328886E+01 -0.93482503E-17
    1598 -0.70334158E+01 -0.93484332E-17
    1599 -0.70337933E+01 -0.93482937E-17
    1600 -0.70342499E+01 -0.93483318E-17
    1601 -0.70346184E+01 -0.93483302E-17
    1602 -0.70349962E+01 -0.93484350E-17
    1603 -0.70353768E+01 -0.93484580E-17
    1604 -0.70357732E+01 -0.93484693E-17
    1605 -0.70361847E+01 -0.93484176E-17
    1606 -0.70365968E+01 -0.93483980E-17
    1607 -0.70370316E+01 -0.93484368E-17
    1608 -0.70373751E+01 -0.93484928E-17
    1609 -0.70377973E+01 -0.93485902E-17
    1610 -0.70382382E+01 -0.93485284E-17
    1611 -0.70387461E+01 -0.93483285E-17
    1612 -0.70391462E+01 -0.93482410E-17
    1613 -0.70396185E+01 -0.93482277E-17
    1614 -0.70400071E+01 -0.93482312E-17
    1615 -0.70403727E+01 -0.93483072E-17
    1616 -0.70407085E+01 -0.93483583E-17
    1617 -0.70411802E+01 -0.93483415E-17
    1618 -0.70415568E+01 -0.93483244E-17
    1619 -0.70418915E+01 -0.93483102E-17
    1620 -0.70422119E+01 -0.93483805E-17
    1621 -0.70426120E+01 -0.93484299E-17
    1622 -0.70430483E+01 -0.93485396E-17
    1623 -0.70434685E+01 -0.93485200E-17
    1624 -0.70438267E+01 -0.93485875E-17
    1625 -0.70442389E+01 -0.93485319E-17
    1626 -0.70446691E+01 -0.93484461E-17
    1627 -0.70450585E+01 -0.93483916E-17
    1628 -0.70454332E+01 -0.93483576E-17
    1629 -0.70457950E+01 -0.93484629E-17
    1630 -0.70461340E+01 -0.93483881E-17
    1631 -0.70465713E+01 -0.93483968E-17
    1632 -0.70470477E+01 -0.93483731E-17
    1633 -0.70473858E+01 -0.93483769E-17
    1634 -0.70477918E+01 -0.93484094E-17
    1635 -0.70481922E+01 -0.93481593E-17
    1636 -0.70486671E+01 -0.93484491E-17
    1637 -0.70490084E+01 -0.93483703E-17
    1638 -0.70493661E+01 -0.93484949E-17
    1639 -0.70497049E+01 -0.93485718E-17
    1640 -0.70500712E+01 -0.93486087E-17
    1641 -0.70504436E+01 -0.93486552E-17
    1642 -0.70508576E+01 -0.93487401E-17
    1643 -0.70511916E+01 -0.93487999E-17
    1644 -0.70515520E+01 -0.93488343E-17
    1645 -0.70518956E+01 -0.93488687E-17
    1646 -0.70523287E+01 -0.93489601E-17
    1647 -0.70527362E+01 -0.93489579E-17
    1648 -0.70530939E+01 -0.93490630E-17
    1649 -0.70534592E+01 -0.93490572E-17
    1650 -0.70538193E+01 -0.93489819E-17
    1651 -0.70542877E+01 -0.93490480E-17
    1652 -0.70546648E+01 -0.93490777E-17
    1653 -0.70550529E+01 -0.93491287E-17
    1654 -0.70554048E+01 -0.93493078E-17
    1655 -0.70557528E+01 -0.93492483E-17
    1656 -0.70561933E+01 -0.93493077E-17
    1657 -0.70566331E+01 -0.93492232E-17
    1658 -0.70569982E+01 -0.93493145E-17
    1659 -0.70573674E+01 -0.93494239E-17
    1660 -0.70578785E+01 -0.93493407E-17
    1661 -0.70583333E+01 -0.93493832E-17
    1662 -0.70587556E+01 -0.93493137E-17
    1663 -0.70592027E+01 -0.93494625E-17
    1664 -0.70597082E+01 -0.93493850E-17
    1665 -0.70601774E+01 -0.93493090E-17
    1666 -0.70605889E+01 -0.93493796E-17
    1667 -0.70610357E+01 -0.93494645E-17
    1668 -0.70614536E+01 -0.93494417E-17
    1669 -0.70619039E+01 -0.93493997E-17
    1670 -0.70623355E+01 -0.93493458E-17
    1671 -0.70628005E+01 -0.93493600E-17
    1672 -0.70632166E+01 -0.93494663E-17
    1673 -0.70636019E+01 -0.93495171E-17
    1674 -0.70640307E+01 -0.93494498E-17
    1675 -0.70645326E+01 -0.93495905E-17
    1676 -0.70648949E+01 -0.93495950E-17
    1677 -0.70652454E+01 -0.93495595E-17
    1678 -0.70655517E+01 -0.93495256E-17
    1679 -0.70659246E+01 -0.93496650E-17
    1680 -0.70663581E+01 -0.93496162E-17
    1681 -0.70667373E+01 -0.93495127E-17
    1682 -0.70670594E+01 -0.93495120E-17
    1683 -0.70674189E+01 -0.93494548E-17
    1684 -0.70677721E+01 -0.93494613E-17
    1685 -0.70681741E+01 -0.93496412E-17
    1686 -0.70686340E+01 -0.93495073E-17
    1687 -0.70690329E+01 -0.93494711E-17
    1688 -0.70693701E+01 -0.93493924E-17
    1689 -0.70697078E+01 -0.93493912E-17
    1690 -0.70701678E+01 -0.93492267E-17
    1691 -0.70706084E+01 -0.93493058E-17
    1692 -0.70711141E+01 -0.93491697E-17
    1693 -0.70715788E+01 -0.93491801E-17
    1694 -0.70719696E+01 -0.93491866E-17
    1695 -0.70723990E+01 -0.93491908E-17
    1696 -0.70728204E+01 -0.93492204E-17
    1697 -0.70732571E+01 -0.93491915E-17
    1698 -0.70736472E+01 -0.93492209E-17
    1699 -0.70741198E+01 -0.93492338E-17
    1700 -0.70746141E+01 -0.93490851E-17
    1701 -0.70750114E+01 -0.93491419E-17
    1702 -0.70755051E+01 -0.93491137E-17
    1703 -0.70759429E+01 -0.93490690E-17
    1704 -0.70763698E+01 -0.93489609E-17
    1705 -0.70768451E+01 -0.93491576E-17
    1706 -0.70772428E+01 -0.93491696E-17
    1707 -0.70776688E+01 -0.93490048E-17
    1708 -0.70780611E+01 -0.93490028E-17
    1709 -0.70784696E+01 -0.93488715E-17
    1710 -0.70788163E+01 -0.93488293E-17
    1711 -0.70792817E+01 -0.93486125E-17
    1712 -0.70797146E+01 -0.93485854E-17
    1713 -0.70801587E+01 -0.93484611E-17
    1714 -0.70806802E+01 -0.93485138E-17
    1715 -0.70811385E+01 -0.93484740E-17
    1716 -0.70816109E+01 -0.93483945E-17
    1717 -0.70821148E+01 -0.93485284E-17
    1718 -0.70825096E+01 -0.93485240E-17
    1719 -0.70829208E+01 -0.93485593E-17
    1720 -0.70833036E+01 -0.93486626E-17
    1721 -0.70836521E+01 -0.93486392E-17
    1722 -0.70840709E+01 -0.93485533E-17
    1723 -0.70844515E+01 -0.93484962E-17
    1724 -0.70848022E+01 -0.93485945E-17
    1725 -0.70851619E+01 -0.93485217E-17
    1726 -0.70856019E+01 -0.93485352E-17
    1727 -0.70861239E+01 -0.93485257E-17
    1728 -0.70865420E+01 -0.93486071E-17
    1729 -0.70869586E+01 -0.93486601E-17
    1730 -0.70873110E+01 -0.93486015E-17
    1731 -0.70877922E+01 -0.93486042E-17
    1732 -0.70882826E+01 -0.93487277E-17
    1733 -0.70886668E+01 -0.93486998E-17
    1734 -0.70890564E+01 -0.93486014E-17
    1735 -0.70894250E+01 -0.93487345E-17
    1736 -0.70898204E+01 -0.93486899E-17
    1737 -0.70902153E+01 -0.93487266E-17
    1738 -0.70906077E+01 -0.93487859E-17
    1739 -0.70909788E+01 -0.93487475E-17
    1740 -0.70913911E+01 -0.93487454E-17
    1741 -0.70917342E+01 -0.93487105E-17
    1742 -0.70920842E+01 -0.93487183E-17
    1743 -0.70924830E+01 -0.93488081E-17
    1744 -0.70927910E+01 -0.93488691E-17
    1745 -0.70931518E+01 -0.93488952E-17
    1746 -0.70935772E+01 -0.93487920E-17
    1747 -0.70939699E+01 -0.93488063E-17
    1748 -0.70944133E+01 -0.93488716E-17
    1749 -0.70947375E+01 -0.93488984E-17
    1750 -0.70951543E+01 -0.93489164E-17
    1751 -0.70955371E+01 -0.93488666E-17
    1752 -0.70960618E+01 -0.93488602E-17
    1753 -0.70964482E+01 -0.93487643E-17
    1754 -0.70968978E+01 -0.93486359E-17
    1755 -0.70973526E+01 -0.93486274E-17
    1756 -0.70978892E+01 -0.93485111E-17
    1757 -0.70983212E+01 -0.93485886E-17
    1758 -0.70987802E+01 -0.93485466E-17
    1759 -0.70992375E+01 -0.93485260E-17
    1760 -0.70997270E+01 -0.93484903E-17
    1761 -0.71002006E+01 -0.93485393E-17
    1762 -0.71005872E+01 -0.93485555E-17
    1763 -0.71009724E+01 -0.93486066E-17
    1764 -0.71014344E+01 -0.93487166E-17
    1765 -0.71018592E+01 -0.93487140E-17
    1766 -0.71022787E+01 -0.93486085E-17
    1767 -0.71027593E+01 -0.93484856E-17
    1768 -0.71032263E+01 -0.93483983E-17
    1769 -0.71036843E+01 -0.93484098E-17
    1770 -0.71040736E+01 -0.93483753E-17
    1771 -0.71044919E+01 -0.93483207E-17
    1772 -0.71049056E+01 -0.93482707E-17
    1773 -0.71052606E+01 -0.93483484E-17
    1774 -0.71056770E+01 -0.93482811E-17
    1775 -0.71061930E+01 -0.93481958E-17
    1776 -0.71066503E+01 -0.93480047E-17
    1777 -0.71070556E+01 -0.93478532E-17
    1778 -0.71073448E+01 -0.93479067E-17
    1779 -0.71077234E+01 -0.93479761E-17
    1780 -0.71081131E+01 -0.93478949E-17
    1781 -0.71086016E+01 -0.93479902E-17
    1782 -0.71088896E+01 -0.93479514E-17
    1783 -0.71092252E+01 -0.93479703E-17
    1784 -0.71096281E+01 -0.93479399E-17
    1785 -0.71099779E+01 -0.93478612E-17
    1786 -0.71103938E+01 -0.93478030E-17
    1787 -0.71108667E+01 -0.93479138E-17
    1788 -0.71112624E+01 -0.93479270E-17
    1789 -0.71116704E+01 -0.93479529E-17
    1790 -0.71121220E+01 -0.93479941E-17
    1791 -0.71125010E+01 -0.93480458E-17
    1792 -0.71128730E+01 -0.93479747E-17
    1793 -0.71132552E+01 -0.93478870E-17
    1794 -0.71136532E+01 -0.93479205E-17
    1795 -0.71140505E+01 -0.93478508E-17
    1796 -0.71144411E+01 -0.93478194E-17
    1797 -0.71147760E+01 -0.93479051E-17
    1798 -0.71151910E+01 -0.93478033E-17
    1799 -0.71155330E+01 -0.93476887E-17
    1800 -0.71158657E+01 -0.93477048E-17
    1801 -0.71162886E+01 -0.93477004E-17
    1802 -0.71166239E+01 -0.93476919E-17
    1803 -0.71170667E+01 -0.93476856E-17
    1804 -0.71174693E+01 -0.93476738E-17
    1805 -0.71177899E+01 -0.93475901E-17
    1806 -0.71181901E+01 -0.93477026E-17
    1807 -0.71187032E+01 -0.93476028E-17
    1808 -0.71191490E+01 -0.93475995E-17
    1809 -0.71195218E+01 -0.93475027E-17
    1810 -0.71198537E+01 -0.93474967E-17
    1811 -0.71202575E+01 -0.93475480E-17
    1812 -0.71206435E+01 -0.93474452E-17
    1813 -0.71210687E+01 -0.93475532E-17
    1814 -0.71215369E+01 -0.93474764E-17
    1815 -0.71219266E+01 -0.93475745E-17
    1816 -0.71223801E+01 -0.93476149E-17
    1817 -0.71227474E+01 -0.93475805E-17
    1818 -0.71231829E+01 -0.93475348E-17
    1819 -0.71235723E+01 -0.93475634E-17
    1820 -0.71239846E+01 -0.93475395E-17
    1821 -0.71244526E+01 -0.93475442E-17
    1822 -0.71250066E+01 -0.93477459E-17
    1823 -0.71254324E+01 -0.93477115E-17
    1824 -0.71258598E+01 -0.93477104E-17
    1825 -0.71262864E+01 -0.93477302E-17
    1826 -0.71266916E+01 -0.93479077E-17
    1827 -0.71270333E+01 -0.93477976E-17
    1828 -0.71274029E+01 -0.93478490E-17
    1829 -0.71278198E+01 -0.93478351E-17
    1830 -0.71282624E+01 -0.93480199E-17
    1831 -0.71286258E+01 -0.93480921E-17
    1832 -0.71289716E+01 -0.93481116E-17
    1833 -0.71292999E+01 -0.93481246E-17
    1834 -0.71297203E+01 -0.93481727E-17
    1835 -0.71300681E+01 -0.93481631E-17
    1836 -0.71303481E+01 -0.93482057E-17
    1837 -0.71308161E+01 -0.93481377E-17
    1838 -0.71312521E+01 -0.93481667E-17
    1839 -0.71315809E+01 -0.93480924E-17
    1840 -0.71319489E+01 -0.93480464E-17
    1841 -0.71323130E+01 -0.93480488E-17
    1842 -0.71327590E+01 -0.93479897E-17
    1843 -0.71331196E+01 -0.93479997E-17
    1844 -0.71334999E+01 -0.93480320E-17
    1845 -0.71339179E+01 -0.93479831E-17
    1846 -0.71342895E+01 -0.93478737E-17
    1847 -0.71346636E+01 -0.93478337E-17
    1848 -0.71350417E+01 -0.93479401E-17
    1849 -0.71353987E+01 -0.93479439E-17
    1850 -0.71358159E+01 -0.93478239E-17
    1851 -0.71361854E+01 -0.93477602E-17
    1852 -0.71365247E+01 -0.93478182E-17
    1853 -0.71368639E+01 -0.93477593E-17
    1854 -0.71372131E+01 -0.93477554E-17
    1855 -0.71375252E+01 -0.93477420E-17
    1856 -0.71379037E+01 -0.93477375E-17
    1857 -0.71383362E+01 -0.93477642E-17
    1858 -0.71386806E+01 -0.93477819E-17
    1859 -0.71390930E+01 -0.93478141E-17
    1860 -0.71395278E+01 -0.93477791E-17
    1861 -0.71399426E+01 -0.93478877E-17
    1862 -0.71402394E+01 -0.93478632E-17
    1863 -0.71406243E+01 -0.93478472E-17
    1864 -0.71409596E+01 -0.93478547E-17
    1865 -0.71413815E+01 -0.93477387E-17
    1866 -0.71418372E+01 -0.93477888E-17
    1867 -0.71423169E+01 -0.93478743E-17
    1868 -0.71427650E+01 -0.93478347E-17
    1869 -0.71431661E+01 -0.93477411E-17
    1870 -0.71435031E+01 -0.93475861E-17
    1871 -0.71438716E+01 -0.93475451E-17
    1872 -0.71441868E+01 -0.93475848E-17
    1873 -0.71445931E+01 -0.93477371E-17
    1874 -0.71449502E+01 -0.93476706E-17
    1875 -0.71453257E+01 -0.93476727E-17
    1876 -0.71457823E+01 -0.93475864E-17
    1877 -0.71461153E+01 -0.93475962E-17
    1878 -0.71465339E+01 -0.93476372E-17
    1879 -0.71469488E+01 -0.93476221E-17
    1880 -0.71473181E+01 -0.93475751E-17
    1881 -0.71477046E+01 -0.93474957E-17
    1882 -0.71480359E+01 -0.93475482E-17
    1883 -0.71483884E+01 -0.93476071E-17
    1884 -0.71487752E+01 -0.93475792E-17
    1885 -0.71491218E+01 -0.93475868E-17
    1886 -0.71495228E+01 -0.93475459E-17
    1887 -0.71498735E+01 -0.93474284E-17
    1888 -0.71502505E+01 -0.93475004E-17
    1889 -0.71506345E+01 -0.93475284E-17
    1890 -0.71509877E+01 -0.93475582E-17
    1891 -0.71513806E+01 -0.93476383E-17
    1892 -0.71517238E+01 -0.93476549E-17
    1893 -0.71520595E+01 -0.93476259E-17
    1894 -0.71524513E+01 -0.93476504E-17
    1895 -0.71528165E+01 -0.93477448E-17
    1896 -0.71531786E+01 -0.93476985E-17
    1897 -0.71535312E+01 -0.93476867E-17
    1898 -0.71538508E+01 -0.93476221E-17
    1899 -0.71541890E+01 -0.93475815E-17
    1900 -0.71545706E+01 -0.93475037E-17
    1901 -0.71549016E+01 -0.93475684E-17
    1902 -0.71552221E+01 -0.93475834E-17
    1903 -0.71555342E+01 -0.93475165E-17
    1904 -0.71558811E+01 -0.93476042E-17
    1905 -0.71562199E+01 -0.93476550E-17
    1906 -0.71565608E+01 -0.93476774E-17
    1907 -0.71569191E+01 -0.93476486E-17
    1908 -0.71572967E+01 -0.93476139E-17
    1909 -0.71576471E+01 -0.93476231E-17
    1910 -0.71579901E+01 -0.93476310E-17
    1911 -0.71583559E+01 -0.93476674E-17
    1912 -0.71587317E+01 -0.93477078E-17
    1913 -0.71591327E+01 -0.93475413E-17
    1914 -0.71595418E+01 -0.93477266E-17
    1915 -0.71599293E+01 -0.93477838E-17
    1916 -0.71603363E+01 -0.93477891E-17
    1917 -0.71607327E+01 -0.93477393E-17
    1918 -0.71610761E+01 -0.93477021E-17
    1919 -0.71614107E+01 -0.93476649E-17
    1920 -0.71618103E+01 -0.93476666E-17
    1921 -0.71622270E+01 -0.93475134E-17
    1922 -0.71625658E+01 -0.93474953E-17
    1923 -0.71629439E+01 -0.93474829E-17
    1924 -0.71632981E+01 -0.93474422E-17
    1925 -0.71637255E+01 -0.93473375E-17
    1926 -0.71640422E+01 -0.93473993E-17
    1927 -0.71644450E+01 -0.93472569E-17
    1928 -0.71648920E+01 -0.93471212E-17
    1929 -0.71653165E+01 -0.93471172E-17
    1930 -0.71656665E+01 -0.93471078E-17
    1931 -0.71660128E+01 -0.93470584E-17
    1932 -0.71664561E+01 -0.93470741E-17
    1933 -0.71668836E+01 -0.93471363E-17
    1934 -0.71672441E+01 -0.93470624E-17
    1935 -0.71675844E+01 -0.93470345E-17
    1936 -0.71679417E+01 -0.93470352E-17
    1937 -0.71682433E+01 -0.93470550E-17
    1938 -0.71685943E+01 -0.93470612E-17
    1939 -0.71689511E+01 -0.93469937E-17
    1940 -0.71693026E+01 -0.93470335E-17
    1941 -0.71696082E+01 -0.93470744E-17
    1942 -0.71700123E+01 -0.93470697E-17
    1943 -0.71703499E+01 -0.93471116E-17
    1944 -0.71707442E+01 -0.93471887E-17
    1945 -0.71710877E+01 -0.93471568E-17
    1946 -0.71714267E+01 -0.93471094E-17
    1947 -0.71717452E+01 -0.93471556E-17
    1948 -0.71721358E+01 -0.93472018E-17
    1949 -0.71725274E+01 -0.93472410E-17
    1950 -0.71728848E+01 -0.93472306E-17
    1951 -0.71732607E+01 -0.93472135E-17
    1952 -0.71736328E+01 -0.93472013E-17
    1953 -0.71739639E+01 -0.93471692E-17
    1954 -0.71743623E+01 -0.93471351E-17
    1955 -0.71747389E+01 -0.93470944E-17
    1956 -0.71750951E+01 -0.93471198E-17
    1957 -0.71755017E+01 -0.93471402E-17
    1958 -0.71758707E+01 -0.93471862E-17
    1959 -0.71761948E+01 -0.93472685E-17
    1960 -0.71765253E+01 -0.93472785E-17
    1961 -0.71769299E+01 -0.93472210E-17
    1962 -0.71772653E+01 -0.93472497E-17
    1963 -0.71776193E+01 -0.93472391E-17
    1964 -0.71779964E+01 -0.93472431E-17
    1965 -0.71783825E+01 -0.93472856E-17
    1966 -0.71788115E+01 -0.93472581E-17
    1967 -0.71792061E+01 -0.93473730E-17
    1968 -0.71796102E+01 -0.93474444E-17
    1969 -0.71799870E+01 -0.93474124E-17
    1970 -0.71803423E+01 -0.93473406E-17
    1971 -0.71806231E+01 -0.93473402E-17
    1972 -0.71809458E+01 -0.93473673E-17
    1973 -0.71812669E+01 -0.93474449E-17
    1974 -0.71816058E+01 -0.93474388E-17
    1975 -0.71819346E+01 -0.93473609E-17
    1976 -0.71822801E+01 -0.93473058E-17
    1977 -0.71825809E+01 -0.93472519E-17
    1978 -0.71828881E+01 -0.93472612E-17
    1979 -0.71832123E+01 -0.93472868E-17
    1980 -0.71835298E+01 -0.93472790E-17
    1981 -0.71838875E+01 -0.93472992E-17
    1982 -0.71842701E+01 -0.93472901E-17
    1983 -0.71846450E+01 -0.93474183E-17
    1984 -0.71849356E+01 -0.93473914E-17
    1985 -0.71852965E+01 -0.93474644E-17
    1986 -0.71856599E+01 -0.93474750E-17
    1987 -0.71860209E+01 -0.93475039E-17
    1988 -0.71863943E+01 -0.93475559E-17
    1989 -0.71867117E+01 -0.93475888E-17
    1990 -0.71870461E+01 -0.93475286E-17
    1991 -0.71874699E+01 -0.93475295E-17
    1992 -0.71878316E+01 -0.93476211E-17
    1993 -0.71882348E+01 -0.93476957E-17
    1994 -0.71885974E+01 -0.93476750E-17
    1995 -0.71889578E+01 -0.93476908E-17
    1996 -0.71893344E+01 -0.93477495E-17
    1997 -0.71897011E+01 -0.93478121E-17
    1998 -0.71900223E+01 -0.93477800E-17
    1999 -0.71903443E+01 -0.93478553E-17
    2000 -0.71906790E+01 -0.93479040E-17
    2001 -0.71909776E+01 -0.93478511E-17
    2002 -0.71913271E+01 -0.93478206E-17
    2003 -0.71916300E+01 -0.93477251E-17
    2004 -0.71919762E+01 -0.93476698E-17
    2005 -0.71923495E+01 -0.93476801E-17
    2006 -0.71926849E+01 -0.93476261E-17
    2007 -0.71930280E+01 -0.93475946E-17
    2008 -0.71933858E+01 -0.93475785E-17
    2009 -0.71937243E+01 -0.93475966E-17
    2010 -0.71940436E+01 -0.93475714E-17
    2011 -0.71943332E+01 -0.93476284E-17
    2012 -0.71946448E+01 -0.93476306E-17
    2013 -0.71949901E+01 -0.93476243E-17
    2014 -0.71953033E+01 -0.93476212E-17
    2015 -0.71956194E+01 -0.93476151E-17
    2016 -0.71959246E+01 -0.93476827E-17
    2017 -0.71962597E+01 -0.93477597E-17
    2018 -0.71965700E+01 -0.93477295E-17
    2019 -0.71969263E+01 -0.93478148E-17
    2020 -0.71972698E+01 -0.93479189E-17
    2021 -0.71976805E+01 -0.93479309E-17
    2022 -0.71979880E+01 -0.93479320E-17
    2023 -0.71982860E+01 -0.93479628E-17
    2024 -0.71986421E+01 -0.93479717E-17
    2025 -0.71989736E+01 -0.93479660E-17
    2026 -0.71993352E+01 -0.93480374E-17
    2027 -0.71997066E+01 -0.93481574E-17
    2028 -0.72000175E+01 -0.93481082E-17
    2029 -0.72003213E+01 -0.93481183E-17
    2030 -0.72006428E+01 -0.93480668E-17
    2031 -0.72009788E+01 -0.93480668E-17
    2032 -0.72013264E+01 -0.93481051E-17
    2033 -0.72016860E+01 -0.93480837E-17
    2034 -0.72020461E+01 -0.93481315E-17
    2035 -0.72023481E+01 -0.93481502E-17
    2036 -0.72026666E+01 -0.93481078E-17
    2037 -0.72029552E+01 -0.93481139E-17
    2038 -0.72032892E+01 -0.93481322E-17
    2039 -0.72036465E+01 -0.93482071E-17
    2040 -0.72039722E+01 -0.93480887E-17
    2041 -0.72042974E+01 -0.93481052E-17
    2042 -0.72046321E+01 -0.93481618E-17
    2043 -0.72049835E+01 -0.93482018E-17
    2044 -0.72053264E+01 -0.93483049E-17
    2045 -0.72056568E+01 -0.93482480E-17
    2046 -0.72060090E+01 -0.93481704E-17
    2047 -0.72063741E+01 -0.93482287E-17
    2048 -0.72067575E+01 -0.93482359E-17
