 n     ch_hole col3
     331 -0.48628659E+01 -0.12763285E-17
     332 -0.48641753E+01 -0.12763599E-17
     333 -0.48646870E+01 -0.12763748E-17
     334 -0.48655502E+01 -0.12764001E-17
     335 -0.48662893E+01 -0.12763986E-17
     336 -0.48677361E+01 -0.12764302E-17
     337 -0.48696070E+01 -0.12764343E-17
     338 -0.48710381E+01 -0.12764721E-17
     339 -0.48720879E+01 -0.12764403E-17
     340 -0.48725366E+01 -0.12764507E-17
     341 -0.48732847E+01 -0.12764718E-17
     342 -0.48741584E+01 -0.12765356E-17
     343 -0.48754187E+01 -0.12766193E-17
     344 -0.48764613E+01 -0.12766149E-17
     345 -0.48777095E+01 -0.12766863E-17
     346 -0.48789669E+01 -0.12767269E-17
     347 -0.48793906E+01 -0.12767404E-17
     348 -0.48806242E+01 -0.12767626E-17
     349 -0.48814507E+01 -0.12767486E-17
     350 -0.48822376E+01 -0.12768275E-17
     351 -0.48834480E+01 -0.12768740E-17
     352 -0.48845862E+01 -0.12768894E-17
     353 -0.48859367E+01 -0.12768758E-17
     354 -0.48870922E+01 -0.12768427E-17
     355 -0.48874221E+01 -0.12768403E-17
     356 -0.48882932E+01 -0.12768560E-17
     357 -0.48890416E+01 -0.12768889E-17
     358 -0.48897551E+01 -0.12769346E-17
     359 -0.48902624E+01 -0.12769271E-17
     360 -0.48907485E+01 -0.12769249E-17
     361 -0.48914772E+01 -0.12769417E-17
     362 -0.48925847E+01 -0.12769506E-17
     363 -0.48931564E+01 -0.12769508E-17
     364 -0.48937840E+01 -0.12769637E-17
     365 -0.48947175E+01 -0.12769367E-17
     366 -0.48954355E+01 -0.12769487E-17
     367 -0.48964705E+01 -0.12770305E-17
     368 -0.48975629E+01 -0.12770779E-17
     369 -0.48982898E+01 -0.12770867E-17
     370 -0.48995022E+01 -0.12770939E-17
     371 -0.48999925E+01 -0.12771037E-17
     372 -0.49006009E+01 -0.12771036E-17
     373 -0.49012542E+01 -0.12770963E-17
     374 -0.49017986E+01 -0.12771241E-17
     375 -0.49038473E+01 -0.12771405E-17
     376 -0.49046685E+01 -0.12771563E-17
     377 -0.49060116E+01 -0.12771804E-17
     378 -0.49074223E+01 -0.12774034E-17
     379 -0.49087918E+01 -0.12774051E-17
     380 -0.49094025E+01 -0.12774132E-17
     381 -0.49108346E+01 -0.12774469E-17
     382 -0.49121630E+01 -0.12775884E-17
     383 -0.49135847E+01 -0.12774882E-17
     384 -0.49160456E+01 -0.12778106E-17
     385 -0.49175485E+01 -0.12775939E-17
     386 -0.49190949E+01 -0.12775684E-17
     387 -0.49195637E+01 -0.12776200E-17
     388 -0.49201253E+01 -0.12776571E-17
     389 -0.49212543E+01 -0.12776452E-17
     390 -0.49223533E+01 -0.12778272E-17
     391 -0.49235654E+01 -0.12778245E-17
     392 -0.49245368E+01 -0.12777881E-17
     393 -0.49262613E+01 -0.12779524E-17
     394 -0.49270748E+01 -0.12779864E-17
     395 -0.49275851E+01 -0.12780169E-17
     396 -0.49288785E+01 -0.12780341E-17
     397 -0.49293823E+01 -0.12779858E-17
     398 -0.49298808E+01 -0.12780041E-17
     399 -0.49305091E+01 -0.12780643E-17
     400 -0.49318767E+01 -0.12780494E-17
     401 -0.49330376E+01 -0.12780617E-17
     402 -0.49337569E+01 -0.12780935E-17
     403 -0.49342943E+01 -0.12781198E-17
     404 -0.49354728E+01 -0.12781520E-17
     405 -0.49363910E+01 -0.12780721E-17
     406 -0.49373562E+01 -0.12780687E-17
     407 -0.49383408E+01 -0.12780918E-17
     408 -0.49386782E+01 -0.12781205E-17
     409 -0.49397074E+01 -0.12782540E-17
     410 -0.49403828E+01 -0.12782631E-17
     411 -0.49415061E+01 -0.12782241E-17
     412 -0.49425603E+01 -0.12782087E-17
     413 -0.49437077E+01 -0.12781806E-17
     414 -0.49442902E+01 -0.12782002E-17
     415 -0.49455340E+01 -0.12782285E-17
     416 -0.49462874E+01 -0.12782226E-17
     417 -0.49477087E+01 -0.12783872E-17
     418 -0.49488171E+01 -0.12784407E-17
     419 -0.49499577E+01 -0.12784374E-17
     420 -0.49511174E+01 -0.12785439E-17
     421 -0.49525401E+01 -0.12784629E-17
     422 -0.49532258E+01 -0.12784431E-17
     423 -0.49542074E+01 -0.12784261E-17
     424 -0.49553929E+01 -0.12784048E-17
     425 -0.49565702E+01 -0.12784572E-17
     426 -0.49576979E+01 -0.12784439E-17
     427 -0.49582579E+01 -0.12784364E-17
     428 -0.49594339E+01 -0.12784775E-17
     429 -0.49605199E+01 -0.12783818E-17
     430 -0.49618108E+01 -0.12784276E-17
     431 -0.49627781E+01 -0.12784439E-17
     432 -0.49635222E+01 -0.12784927E-17
     433 -0.49645520E+01 -0.12785143E-17
     434 -0.49654486E+01 -0.12785853E-17
     435 -0.49668388E+01 -0.12785716E-17
     436 -0.49673473E+01 -0.12786224E-17
     437 -0.49688177E+01 -0.12787925E-17
     438 -0.49695688E+01 -0.12788188E-17
     439 -0.49702054E+01 -0.12788135E-17
     440 -0.49708568E+01 -0.12788403E-17
     441 -0.49719250E+01 -0.12788626E-17
     442 -0.49728908E+01 -0.12789013E-17
     443 -0.49734215E+01 -0.12789354E-17
     444 -0.49739885E+01 -0.12789369E-17
     445 -0.49753118E+01 -0.12789331E-17
     446 -0.49761066E+01 -0.12789452E-17
     447 -0.49769680E+01 -0.12790210E-17
     448 -0.49780380E+01 -0.12790613E-17
     449 -0.49793268E+01 -0.12789917E-17
     450 -0.49798177E+01 -0.12790221E-17
     451 -0.49808747E+01 -0.12791326E-17
     452 -0.49820774E+01 -0.12792015E-17
     453 -0.49827769E+01 -0.12792445E-17
     454 -0.49836468E+01 -0.12792881E-17
     455 -0.49847177E+01 -0.12792847E-17
     456 -0.49854764E+01 -0.12792707E-17
     457 -0.49861356E+01 -0.12792259E-17
     458 -0.49866815E+01 -0.12792421E-17
     459 -0.49872594E+01 -0.12792400E-17
     460 -0.49880400E+01 -0.12792066E-17
     461 -0.49889246E+01 -0.12792485E-17
     462 -0.49902575E+01 -0.12793022E-17
     463 -0.49910253E+01 -0.12793540E-17
     464 -0.49922432E+01 -0.12794178E-17
     465 -0.49930270E+01 -0.12794952E-17
     466 -0.49939099E+01 -0.12795189E-17
     467 -0.49948805E+01 -0.12795840E-17
     468 -0.49960602E+01 -0.12796175E-17
     469 -0.49970161E+01 -0.12796085E-17
     470 -0.49981004E+01 -0.12796841E-17
     471 -0.49989386E+01 -0.12796903E-17
     472 -0.50008289E+01 -0.12796782E-17
     473 -0.50017691E+01 -0.12797431E-17
     474 -0.50026350E+01 -0.12797992E-17
     475 -0.50035568E+01 -0.12798157E-17
     476 -0.50047540E+01 -0.12799921E-17
     477 -0.50052041E+01 -0.12800066E-17
     478 -0.50060053E+01 -0.12800578E-17
     479 -0.50073367E+01 -0.12799977E-17
     480 -0.50085475E+01 -0.12799379E-17
     481 -0.50091411E+01 -0.12798946E-17
     482 -0.50103877E+01 -0.12799189E-17
     483 -0.50114852E+01 -0.12799470E-17
     484 -0.50119996E+01 -0.12799284E-17
     485 -0.50126597E+01 -0.12799320E-17
     486 -0.50136879E+01 -0.12798713E-17
     487 -0.50146492E+01 -0.12798969E-17
     488 -0.50152178E+01 -0.12798895E-17
     489 -0.50163246E+01 -0.12799451E-17
     490 -0.50172461E+01 -0.12799838E-17
     491 -0.50177096E+01 -0.12799937E-17
     492 -0.50186493E+01 -0.12800598E-17
     493 -0.50192085E+01 -0.12800641E-17
     494 -0.50196963E+01 -0.12800799E-17
     495 -0.50204904E+01 -0.12801429E-17
     496 -0.50211235E+01 -0.12801591E-17
     497 -0.50217833E+01 -0.12801859E-17
     498 -0.50230181E+01 -0.12801499E-17
     499 -0.50235197E+01 -0.12801910E-17
     500 -0.50238850E+01 -0.12801617E-17
     501 -0.50247221E+01 -0.12801933E-17
     502 -0.50251525E+01 -0.12802216E-17
     503 -0.50256851E+01 -0.12802126E-17
     504 -0.50264269E+01 -0.12802320E-17
     505 -0.50273013E+01 -0.12802204E-17
     506 -0.50279667E+01 -0.12802469E-17
     507 -0.50285118E+01 -0.12802407E-17
     508 -0.50290330E+01 -0.12802593E-17
     509 -0.50297434E+01 -0.12802013E-17
     510 -0.50299371E+01 -0.12802071E-17
     511 -0.50302122E+01 -0.12801920E-17
     512 -0.50306001E+01 -0.12801938E-17
     513 -0.50314946E+01 -0.12801959E-17
     514 -0.50324505E+01 -0.12802250E-17
     515 -0.50330214E+01 -0.12802444E-17
     516 -0.50339607E+01 -0.12802755E-17
     517 -0.50345434E+01 -0.12802815E-17
     518 -0.50353356E+01 -0.12802612E-17
     519 -0.50357899E+01 -0.12802202E-17
     520 -0.50362440E+01 -0.12801934E-17
     521 -0.50375384E+01 -0.12802395E-17
     522 -0.50386208E+01 -0.12801782E-17
     523 -0.50396660E+01 -0.12802195E-17
     524 -0.50410156E+01 -0.12802252E-17
     525 -0.50423687E+01 -0.12802808E-17
     526 -0.50433264E+01 -0.12802979E-17
     527 -0.50443506E+01 -0.12802417E-17
     528 -0.50447806E+01 -0.12802599E-17
     529 -0.50453189E+01 -0.12802729E-17
     530 -0.50460446E+01 -0.12802950E-17
     531 -0.50463974E+01 -0.12802936E-17
     532 -0.50469626E+01 -0.12803100E-17
     533 -0.50480314E+01 -0.12803185E-17
     534 -0.50486893E+01 -0.12803963E-17
     535 -0.50492578E+01 -0.12804574E-17
     536 -0.50503794E+01 -0.12804836E-17
     537 -0.50514095E+01 -0.12804705E-17
     538 -0.50518334E+01 -0.12804350E-17
     539 -0.50524771E+01 -0.12805100E-17
     540 -0.50533951E+01 -0.12805228E-17
     541 -0.50540100E+01 -0.12805478E-17
     542 -0.50545760E+01 -0.12805713E-17
     543 -0.50551036E+01 -0.12805657E-17
     544 -0.50555796E+01 -0.12806319E-17
     545 -0.50562449E+01 -0.12806822E-17
     546 -0.50567126E+01 -0.12807112E-17
     547 -0.50571690E+01 -0.12807290E-17
     548 -0.50578174E+01 -0.12807233E-17
     549 -0.50584505E+01 -0.12807544E-17
     550 -0.50591612E+01 -0.12807644E-17
     551 -0.50597824E+01 -0.12807139E-17
     552 -0.50607355E+01 -0.12806831E-17
     553 -0.50612877E+01 -0.12807301E-17
     554 -0.50628671E+01 -0.12807378E-17
     555 -0.50636377E+01 -0.12807502E-17
     556 -0.50646141E+01 -0.12807572E-17
     557 -0.50652767E+01 -0.12807978E-17
     558 -0.50659030E+01 -0.12807807E-17
     559 -0.50667211E+01 -0.12807754E-17
     560 -0.50674194E+01 -0.12807699E-17
     561 -0.50685753E+01 -0.12807889E-17
     562 -0.50691237E+01 -0.12808120E-17
     563 -0.50699814E+01 -0.12808753E-17
     564 -0.50705019E+01 -0.12809011E-17
     565 -0.50710815E+01 -0.12809161E-17
     566 -0.50715090E+01 -0.12809044E-17
     567 -0.50721833E+01 -0.12808932E-17
     568 -0.50727993E+01 -0.12808850E-17
     569 -0.50735883E+01 -0.12808393E-17
     570 -0.50744025E+01 -0.12808647E-17
     571 -0.50749579E+01 -0.12808716E-17
     572 -0.50755297E+01 -0.12808607E-17
     573 -0.50761942E+01 -0.12808589E-17
     574 -0.50770957E+01 -0.12808837E-17
     575 -0.50774034E+01 -0.12808887E-17
     576 -0.50780253E+01 -0.12809086E-17
     577 -0.50784145E+01 -0.12809351E-17
     578 -0.50789315E+01 -0.12809496E-17
     579 -0.50791848E+01 -0.12809341E-17
     580 -0.50796690E+01 -0.12809463E-17
     581 -0.50801420E+01 -0.12809566E-17
     582 -0.50808128E+01 -0.12809753E-17
     583 -0.50815666E+01 -0.12810108E-17
     584 -0.50826641E+01 -0.12810483E-17
     585 -0.50835978E+01 -0.12810386E-17
     586 -0.50846423E+01 -0.12810560E-17
     587 -0.50852601E+01 -0.12811144E-17
     588 -0.50868402E+01 -0.12811022E-17
     589 -0.50873994E+01 -0.12811017E-17
     590 -0.50882167E+01 -0.12811847E-17
     591 -0.50888583E+01 -0.12812004E-17
     592 -0.50895421E+01 -0.12812343E-17
     593 -0.50902291E+01 -0.12812580E-17
     594 -0.50910528E+01 -0.12812087E-17
     595 -0.50917445E+01 -0.12811322E-17
     596 -0.50923758E+01 -0.12810676E-17
     597 -0.50928181E+01 -0.12810585E-17
     598 -0.50933440E+01 -0.12810749E-17
     599 -0.50939896E+01 -0.12810797E-17
     600 -0.50953366E+01 -0.12810580E-17
     601 -0.50968013E+01 -0.12811232E-17
     602 -0.50979547E+01 -0.12810749E-17
     603 -0.50983984E+01 -0.12811061E-17
     604 -0.50988951E+01 -0.12811087E-17
     605 -0.50998793E+01 -0.12810369E-17
     606 -0.51003604E+01 -0.12810675E-17
     607 -0.51005327E+01 -0.12810607E-17
     608 -0.51012804E+01 -0.12811172E-17
     609 -0.51020379E+01 -0.12811347E-17
     610 -0.51024576E+01 -0.12811605E-17
     611 -0.51030633E+01 -0.12811953E-17
     612 -0.51039113E+01 -0.12811862E-17
     613 -0.51047399E+01 -0.12811859E-17
     614 -0.51055884E+01 -0.12812052E-17
     615 -0.51063123E+01 -0.12812241E-17
     616 -0.51067824E+01 -0.12812096E-17
     617 -0.51072265E+01 -0.12812360E-17
     618 -0.51076509E+01 -0.12812404E-17
     619 -0.51085288E+01 -0.12812416E-17
     620 -0.51090790E+01 -0.12812633E-17
     621 -0.51098656E+01 -0.12812701E-17
     622 -0.51104103E+01 -0.12812763E-17
     623 -0.51116130E+01 -0.12813076E-17
     624 -0.51124167E+01 -0.12813979E-17
     625 -0.51131450E+01 -0.12814416E-17
     626 -0.51139743E+01 -0.12814298E-17
     627 -0.51153187E+01 -0.12815006E-17
     628 -0.51162640E+01 -0.12815217E-17
     629 -0.51167361E+01 -0.12815486E-17
     630 -0.51177003E+01 -0.12815940E-17
     631 -0.51184769E+01 -0.12816021E-17
     632 -0.51193391E+01 -0.12816457E-17
     633 -0.51200090E+01 -0.12816456E-17
     634 -0.51206332E+01 -0.12816605E-17
     635 -0.51212521E+01 -0.12816466E-17
     636 -0.51218254E+01 -0.12816305E-17
     637 -0.51229166E+01 -0.12816023E-17
     638 -0.51238417E+01 -0.12815956E-17
     639 -0.51246942E+01 -0.12815353E-17
     640 -0.51251737E+01 -0.12815338E-17
     641 -0.51255848E+01 -0.12815363E-17
     642 -0.51260427E+01 -0.12815251E-17
     643 -0.51265876E+01 -0.12815157E-17
     644 -0.51270970E+01 -0.12815442E-17
     645 -0.51276985E+01 -0.12815373E-17
     646 -0.51281246E+01 -0.12815478E-17
     647 -0.51286761E+01 -0.12815691E-17
     648 -0.51293718E+01 -0.12815797E-17
     649 -0.51302342E+01 -0.12816188E-17
     650 -0.51309647E+01 -0.12816082E-17
     651 -0.51315511E+01 -0.12816078E-17
     652 -0.51322587E+01 -0.12816106E-17
     653 -0.51329343E+01 -0.12816488E-17
     654 -0.51337568E+01 -0.12816028E-17
     655 -0.51341077E+01 -0.12816099E-17
     656 -0.51343337E+01 -0.12815961E-17
     657 -0.51346585E+01 -0.12815958E-17
     658 -0.51352667E+01 -0.12816054E-17
     659 -0.51358428E+01 -0.12815879E-17
     660 -0.51367087E+01 -0.12815545E-17
     661 -0.51370923E+01 -0.12815621E-17
     662 -0.51378214E+01 -0.12815745E-17
     663 -0.51381751E+01 -0.12815817E-17
     664 -0.51390600E+01 -0.12815279E-17
     665 -0.51397583E+01 -0.12815237E-17
     666 -0.51407336E+01 -0.12815939E-17
     667 -0.51411043E+01 -0.12815952E-17
     668 -0.51416110E+01 -0.12815862E-17
     669 -0.51420365E+01 -0.12816009E-17
     670 -0.51429927E+01 -0.12816003E-17
     671 -0.51435124E+01 -0.12816172E-17
     672 -0.51439621E+01 -0.12816400E-17
     673 -0.51443895E+01 -0.12816279E-17
     674 -0.51447392E+01 -0.12816298E-17
     675 -0.51452537E+01 -0.12816276E-17
     676 -0.51456003E+01 -0.12816238E-17
     677 -0.51462470E+01 -0.12816475E-17
     678 -0.51472628E+01 -0.12816934E-17
     679 -0.51479626E+01 -0.12816836E-17
     680 -0.51489572E+01 -0.12816464E-17
     681 -0.51497731E+01 -0.12816572E-17
     682 -0.51503339E+01 -0.12816505E-17
     683 -0.51511546E+01 -0.12816336E-17
     684 -0.51519482E+01 -0.12816482E-17
     685 -0.51529868E+01 -0.12817211E-17
     686 -0.51538150E+01 -0.12817545E-17
     687 -0.51543086E+01 -0.12817115E-17
     688 -0.51553968E+01 -0.12817346E-17
     689 -0.51563022E+01 -0.12816994E-17
     690 -0.51568043E+01 -0.12817027E-17
     691 -0.51574511E+01 -0.12817016E-17
     692 -0.51578418E+01 -0.12817111E-17
     693 -0.51582639E+01 -0.12816814E-17
     694 -0.51588605E+01 -0.12816913E-17
     695 -0.51593285E+01 -0.12816985E-17
     696 -0.51601436E+01 -0.12816714E-17
     697 -0.51609127E+01 -0.12817219E-17
     698 -0.51617668E+01 -0.12817590E-17
     699 -0.51626222E+01 -0.12817051E-17
     700 -0.51630299E+01 -0.12816975E-17
     701 -0.51635044E+01 -0.12817153E-17
     702 -0.51645162E+01 -0.12817760E-17
     703 -0.51655743E+01 -0.12817506E-17
     704 -0.51664279E+01 -0.12817441E-17
     705 -0.51671770E+01 -0.12817310E-17
     706 -0.51679024E+01 -0.12817403E-17
     707 -0.51686819E+01 -0.12817060E-17
     708 -0.51692666E+01 -0.12816623E-17
     709 -0.51697349E+01 -0.12816518E-17
     710 -0.51701370E+01 -0.12816478E-17
     711 -0.51706140E+01 -0.12816578E-17
     712 -0.51711467E+01 -0.12816407E-17
     713 -0.51716292E+01 -0.12816604E-17
     714 -0.51722825E+01 -0.12817139E-17
     715 -0.51732391E+01 -0.12817539E-17
     716 -0.51737274E+01 -0.12817828E-17
     717 -0.51749404E+01 -0.12818050E-17
     718 -0.51756833E+01 -0.12817808E-17
     719 -0.51765454E+01 -0.12817167E-17
     720 -0.51779645E+01 -0.12817931E-17
     721 -0.51784395E+01 -0.12818079E-17
     722 -0.51789659E+01 -0.12818019E-17
     723 -0.51796998E+01 -0.12817986E-17
     724 -0.51805889E+01 -0.12818097E-17
     725 -0.51812771E+01 -0.12818611E-17
     726 -0.51820868E+01 -0.12818805E-17
     727 -0.51828721E+01 -0.12818954E-17
     728 -0.51840018E+01 -0.12818868E-17
     729 -0.51850277E+01 -0.12819001E-17
     730 -0.51853873E+01 -0.12818980E-17
     731 -0.51860954E+01 -0.12819164E-17
     732 -0.51869520E+01 -0.12819257E-17
     733 -0.51873982E+01 -0.12819494E-17
     734 -0.51881078E+01 -0.12819578E-17
     735 -0.51892316E+01 -0.12819674E-17
     736 -0.51902338E+01 -0.12819899E-17
     737 -0.51906217E+01 -0.12819945E-17
     738 -0.51913143E+01 -0.12819708E-17
     739 -0.51919240E+01 -0.12819549E-17
     740 -0.51924591E+01 -0.12819508E-17
     741 -0.51933376E+01 -0.12819465E-17
     742 -0.51939094E+01 -0.12819913E-17
     743 -0.51941887E+01 -0.12819877E-17
     744 -0.51950646E+01 -0.12819607E-17
     745 -0.51957083E+01 -0.12819962E-17
     746 -0.51964386E+01 -0.12819999E-17
     747 -0.51968759E+01 -0.12820281E-17
     748 -0.51972482E+01 -0.12820302E-17
     749 -0.51976677E+01 -0.12820453E-17
     750 -0.51980920E+01 -0.12820481E-17
     751 -0.51987982E+01 -0.12820499E-17
     752 -0.51996271E+01 -0.12820910E-17
     753 -0.52000539E+01 -0.12820913E-17
     754 -0.52004442E+01 -0.12821108E-17
     755 -0.52006053E+01 -0.12821208E-17
     756 -0.52012572E+01 -0.12820815E-17
     757 -0.52016086E+01 -0.12820746E-17
     758 -0.52019680E+01 -0.12820810E-17
     759 -0.52024099E+01 -0.12820440E-17
     760 -0.52029202E+01 -0.12820570E-17
     761 -0.52031774E+01 -0.12820625E-17
     762 -0.52036508E+01 -0.12820506E-17
     763 -0.52043314E+01 -0.12819984E-17
     764 -0.52046873E+01 -0.12820053E-17
     765 -0.52056182E+01 -0.12819918E-17
     766 -0.52061874E+01 -0.12819868E-17
     767 -0.52064168E+01 -0.12819969E-17
     768 -0.52068960E+01 -0.12819898E-17
     769 -0.52072004E+01 -0.12819998E-17
     770 -0.52080925E+01 -0.12820555E-17
     771 -0.52088440E+01 -0.12820679E-17
     772 -0.52090829E+01 -0.12820665E-17
     773 -0.52095183E+01 -0.12820841E-17
     774 -0.52099424E+01 -0.12821141E-17
     775 -0.52108962E+01 -0.12821934E-17
     776 -0.52114038E+01 -0.12822087E-17
     777 -0.52117867E+01 -0.12822299E-17
     778 -0.52123173E+01 -0.12822449E-17
     779 -0.52127614E+01 -0.12822205E-17
     780 -0.52131970E+01 -0.12821941E-17
     781 -0.52140079E+01 -0.12821740E-17
     782 -0.52146637E+01 -0.12821461E-17
     783 -0.52152152E+01 -0.12821987E-17
     784 -0.52158161E+01 -0.12821678E-17
     785 -0.52169333E+01 -0.12821444E-17
     786 -0.52176224E+01 -0.12821934E-17
     787 -0.52179939E+01 -0.12821798E-17
     788 -0.52186066E+01 -0.12821783E-17
     789 -0.52189109E+01 -0.12821883E-17
     790 -0.52193291E+01 -0.12821835E-17
     791 -0.52196928E+01 -0.12821782E-17
     792 -0.52200034E+01 -0.12821778E-17
     793 -0.52204399E+01 -0.12822008E-17
     794 -0.52207606E+01 -0.12821733E-17
     795 -0.52210546E+01 -0.12821982E-17
     796 -0.52214981E+01 -0.12822029E-17
     797 -0.52219501E+01 -0.12822037E-17
     798 -0.52222422E+01 -0.12822062E-17
     799 -0.52227001E+01 -0.12821744E-17
     800 -0.52231198E+01 -0.12821931E-17
     801 -0.52235623E+01 -0.12821737E-17
     802 -0.52240980E+01 -0.12821880E-17
     803 -0.52247042E+01 -0.12821868E-17
     804 -0.52253030E+01 -0.12821370E-17
     805 -0.52257098E+01 -0.12821318E-17
     806 -0.52262049E+01 -0.12821552E-17
     807 -0.52266072E+01 -0.12821619E-17
     808 -0.52272475E+01 -0.12821199E-17
     809 -0.52276427E+01 -0.12821114E-17
     810 -0.52283721E+01 -0.12820818E-17
     811 -0.52290690E+01 -0.12820629E-17
     812 -0.52295984E+01 -0.12820571E-17
     813 -0.52302161E+01 -0.12820658E-17
     814 -0.52311792E+01 -0.12821111E-17
     815 -0.52321752E+01 -0.12820271E-17
     816 -0.52326963E+01 -0.12820586E-17
     817 -0.52331844E+01 -0.12820758E-17
     818 -0.52339851E+01 -0.12820395E-17
     819 -0.52349865E+01 -0.12820549E-17
     820 -0.52354328E+01 -0.12820548E-17
     821 -0.52361119E+01 -0.12820439E-17
     822 -0.52366064E+01 -0.12820459E-17
     823 -0.52371792E+01 -0.12820646E-17
     824 -0.52377885E+01 -0.12820727E-17
     825 -0.52384808E+01 -0.12820730E-17
     826 -0.52389307E+01 -0.12820686E-17
     827 -0.52393071E+01 -0.12820862E-17
     828 -0.52397918E+01 -0.12821025E-17
     829 -0.52404533E+01 -0.12821436E-17
     830 -0.52409657E+01 -0.12821518E-17
