 n     ch_hole col3 
    2831 -0.57829407E+01 -0.12923496E-17
    2832 -0.57831426E+01 -0.12923551E-17
    2833 -0.57832754E+01 -0.12923585E-17
    2834 -0.57834215E+01 -0.12923572E-17
    2835 -0.57835492E+01 -0.12923584E-17
    2836 -0.57836923E+01 -0.12923586E-17
    2837 -0.57838127E+01 -0.12923603E-17
    2838 -0.57840061E+01 -0.12923585E-17
    2839 -0.57841357E+01 -0.12923594E-17
    2840 -0.57842793E+01 -0.12923540E-17
    2841 -0.57844478E+01 -0.12923534E-17
    2842 -0.57845960E+01 -0.12923495E-17
    2843 -0.57847205E+01 -0.12923484E-17
    2844 -0.57848485E+01 -0.12923476E-17
    2845 -0.57849454E+01 -0.12923428E-17
    2846 -0.57850197E+01 -0.12923443E-17
    2847 -0.57851023E+01 -0.12923434E-17
    2848 -0.57851865E+01 -0.12923400E-17
    2849 -0.57853975E+01 -0.12923374E-17
    2850 -0.57855108E+01 -0.12923384E-17
    2851 -0.57856254E+01 -0.12923422E-17
    2852 -0.57857191E+01 -0.12923416E-17
    2853 -0.57859300E+01 -0.12923421E-17
    2854 -0.57860577E+01 -0.12923392E-17
    2855 -0.57862582E+01 -0.12923398E-17
    2856 -0.57864255E+01 -0.12923432E-17
    2857 -0.57866023E+01 -0.12923456E-17
    2858 -0.57867501E+01 -0.12923506E-17
    2859 -0.57869499E+01 -0.12923480E-17
    2860 -0.57872995E+01 -0.12923434E-17
    2861 -0.57874790E+01 -0.12923474E-17
    2862 -0.57876671E+01 -0.12923550E-17
    2863 -0.57878315E+01 -0.12923533E-17
    2864 -0.57880552E+01 -0.12923549E-17
    2865 -0.57882346E+01 -0.12923545E-17
    2866 -0.57884239E+01 -0.12923489E-17
    2867 -0.57885854E+01 -0.12923442E-17
    2868 -0.57887427E+01 -0.12923427E-17
    2869 -0.57889301E+01 -0.12923459E-17
    2870 -0.57891353E+01 -0.12923510E-17
    2871 -0.57892662E+01 -0.12923508E-17
    2872 -0.57894720E+01 -0.12923520E-17
    2873 -0.57896591E+01 -0.12923414E-17
    2874 -0.57897792E+01 -0.12923398E-17
    2875 -0.57899614E+01 -0.12923431E-17
    2876 -0.57901125E+01 -0.12923383E-17
    2877 -0.57903000E+01 -0.12923349E-17
    2878 -0.57904745E+01 -0.12923377E-17
    2879 -0.57906305E+01 -0.12923408E-17
    2880 -0.57908160E+01 -0.12923430E-17
    2881 -0.57910153E+01 -0.12923351E-17
    2882 -0.57911926E+01 -0.12923418E-17
    2883 -0.57913698E+01 -0.12923440E-17
    2884 -0.57914898E+01 -0.12923422E-17
    2885 -0.57915707E+01 -0.12923428E-17
    2886 -0.57917304E+01 -0.12923422E-17
    2887 -0.57918770E+01 -0.12923439E-17
    2888 -0.57920307E+01 -0.12923448E-17
    2889 -0.57921908E+01 -0.12923429E-17
    2890 -0.57923695E+01 -0.12923442E-17
    2891 -0.57926065E+01 -0.12923404E-17
    2892 -0.57927930E+01 -0.12923400E-17
    2893 -0.57930534E+01 -0.12923367E-17
    2894 -0.57932093E+01 -0.12923420E-17
    2895 -0.57933444E+01 -0.12923365E-17
    2896 -0.57934983E+01 -0.12923355E-17
    2897 -0.57936076E+01 -0.12923349E-17
    2898 -0.57938391E+01 -0.12923334E-17
    2899 -0.57939811E+01 -0.12923313E-17
    2900 -0.57941464E+01 -0.12923282E-17
    2901 -0.57943361E+01 -0.12923302E-17
    2902 -0.57944579E+01 -0.12923314E-17
    2903 -0.57945812E+01 -0.12923279E-17
    2904 -0.57947630E+01 -0.12923263E-17
    2905 -0.57949112E+01 -0.12923271E-17
    2906 -0.57950074E+01 -0.12923253E-17
    2907 -0.57951498E+01 -0.12923281E-17
    2908 -0.57952787E+01 -0.12923278E-17
    2909 -0.57953842E+01 -0.12923275E-17
    2910 -0.57954707E+01 -0.12923270E-17
    2911 -0.57955602E+01 -0.12923265E-17
    2912 -0.57956989E+01 -0.12923274E-17
    2913 -0.57958265E+01 -0.12923267E-17
    2914 -0.57959434E+01 -0.12923317E-17
    2915 -0.57960429E+01 -0.12923302E-17
    2916 -0.57961414E+01 -0.12923291E-17
    2917 -0.57962202E+01 -0.12923293E-17
    2918 -0.57963028E+01 -0.12923290E-17
    2919 -0.57963988E+01 -0.12923292E-17
    2920 -0.57965013E+01 -0.12923260E-17
    2921 -0.57965909E+01 -0.12923247E-17
    2922 -0.57966739E+01 -0.12923270E-17
    2923 -0.57967375E+01 -0.12923271E-17
    2924 -0.57968137E+01 -0.12923291E-17
    2925 -0.57968771E+01 -0.12923304E-17
    2926 -0.57969561E+01 -0.12923295E-17
    2927 -0.57970321E+01 -0.12923298E-17
    2928 -0.57971290E+01 -0.12923290E-17
    2929 -0.57971990E+01 -0.12923307E-17
    2930 -0.57972748E+01 -0.12923331E-17
    2931 -0.57973389E+01 -0.12923329E-17
    2932 -0.57974480E+01 -0.12923342E-17
    2933 -0.57975492E+01 -0.12923358E-17
    2934 -0.57976362E+01 -0.12923359E-17
    2935 -0.57977618E+01 -0.12923372E-17
    2936 -0.57978966E+01 -0.12923338E-17
    2937 -0.57980631E+01 -0.12923379E-17
    2938 -0.57981486E+01 -0.12923376E-17
    2939 -0.57982425E+01 -0.12923342E-17
    2940 -0.57983444E+01 -0.12923324E-17
    2941 -0.57984305E+01 -0.12923369E-17
    2942 -0.57986139E+01 -0.12923407E-17
    2943 -0.57987090E+01 -0.12923386E-17
    2944 -0.57988617E+01 -0.12923374E-17
    2945 -0.57989800E+01 -0.12923374E-17
    2946 -0.57991428E+01 -0.12923368E-17
    2947 -0.57992412E+01 -0.12923386E-17
    2948 -0.57993411E+01 -0.12923384E-17
    2949 -0.57994371E+01 -0.12923355E-17
    2950 -0.57995252E+01 -0.12923335E-17
    2951 -0.57996375E+01 -0.12923292E-17
    2952 -0.57997537E+01 -0.12923271E-17
    2953 -0.57998318E+01 -0.12923265E-17
    2954 -0.57999140E+01 -0.12923249E-17
    2955 -0.58000247E+01 -0.12923207E-17
    2956 -0.58001763E+01 -0.12923205E-17
    2957 -0.58003197E+01 -0.12923227E-17
    2958 -0.58003728E+01 -0.12923227E-17
    2959 -0.58004969E+01 -0.12923244E-17
    2960 -0.58006093E+01 -0.12923246E-17
    2961 -0.58007073E+01 -0.12923272E-17
    2962 -0.58007953E+01 -0.12923294E-17
    2963 -0.58008608E+01 -0.12923311E-17
    2964 -0.58009329E+01 -0.12923305E-17
    2965 -0.58010346E+01 -0.12923294E-17
    2966 -0.58012058E+01 -0.12923302E-17
    2967 -0.58013449E+01 -0.12923288E-17
    2968 -0.58014992E+01 -0.12923323E-17
    2969 -0.58016018E+01 -0.12923308E-17
    2970 -0.58016987E+01 -0.12923307E-17
    2971 -0.58018372E+01 -0.12923284E-17
    2972 -0.58019739E+01 -0.12923276E-17
    2973 -0.58020465E+01 -0.12923292E-17
    2974 -0.58021731E+01 -0.12923295E-17
    2975 -0.58023257E+01 -0.12923330E-17
    2976 -0.58024847E+01 -0.12923363E-17
    2977 -0.58026449E+01 -0.12923352E-17
    2978 -0.58027226E+01 -0.12923359E-17
    2979 -0.58028466E+01 -0.12923374E-17
    2980 -0.58029449E+01 -0.12923375E-17
    2981 -0.58030529E+01 -0.12923396E-17
    2982 -0.58031839E+01 -0.12923362E-17
    2983 -0.58032875E+01 -0.12923377E-17
    2984 -0.58034116E+01 -0.12923381E-17
    2985 -0.58034832E+01 -0.12923345E-17
    2986 -0.58035845E+01 -0.12923356E-17
    2987 -0.58037038E+01 -0.12923340E-17
    2988 -0.58038311E+01 -0.12923318E-17
    2989 -0.58040179E+01 -0.12923378E-17
    2990 -0.58041489E+01 -0.12923405E-17
    2991 -0.58042810E+01 -0.12923477E-17
    2992 -0.58043860E+01 -0.12923495E-17
    2993 -0.58045517E+01 -0.12923499E-17
    2994 -0.58046706E+01 -0.12923491E-17
    2995 -0.58048100E+01 -0.12923432E-17
    2996 -0.58049450E+01 -0.12923451E-17
    2997 -0.58050181E+01 -0.12923458E-17
    2998 -0.58051563E+01 -0.12923467E-17
    2999 -0.58052884E+01 -0.12923457E-17
    3000 -0.58053759E+01 -0.12923442E-17
    3001 -0.58055043E+01 -0.12923419E-17
    3002 -0.58055663E+01 -0.12923402E-17
    3003 -0.58056367E+01 -0.12923387E-17
    3004 -0.58058562E+01 -0.12923390E-17
    3005 -0.58060458E+01 -0.12923408E-17
    3006 -0.58062030E+01 -0.12923379E-17
    3007 -0.58062906E+01 -0.12923358E-17
    3008 -0.58063519E+01 -0.12923362E-17
    3009 -0.58064451E+01 -0.12923359E-17
    3010 -0.58065296E+01 -0.12923357E-17
    3011 -0.58066370E+01 -0.12923357E-17
    3012 -0.58067382E+01 -0.12923337E-17
    3013 -0.58068538E+01 -0.12923338E-17
    3014 -0.58069810E+01 -0.12923346E-17
    3015 -0.58071290E+01 -0.12923322E-17
    3016 -0.58072443E+01 -0.12923318E-17
    3017 -0.58073450E+01 -0.12923316E-17
    3018 -0.58074584E+01 -0.12923332E-17
    3019 -0.58075657E+01 -0.12923363E-17
    3020 -0.58077565E+01 -0.12923354E-17
    3021 -0.58079234E+01 -0.12923361E-17
    3022 -0.58080745E+01 -0.12923320E-17
    3023 -0.58081862E+01 -0.12923332E-17
    3024 -0.58083495E+01 -0.12923312E-17
    3025 -0.58084581E+01 -0.12923318E-17
    3026 -0.58085897E+01 -0.12923281E-17
    3027 -0.58087906E+01 -0.12923259E-17
    3028 -0.58089796E+01 -0.12923279E-17
    3029 -0.58091580E+01 -0.12923255E-17
    3030 -0.58092746E+01 -0.12923229E-17
    3031 -0.58093604E+01 -0.12923206E-17
    3032 -0.58094527E+01 -0.12923200E-17
    3033 -0.58095381E+01 -0.12923180E-17
    3034 -0.58095861E+01 -0.12923184E-17
    3035 -0.58096844E+01 -0.12923173E-17
    3036 -0.58097813E+01 -0.12923183E-17
    3037 -0.58098997E+01 -0.12923192E-17
    3038 -0.58099979E+01 -0.12923182E-17
    3039 -0.58101055E+01 -0.12923192E-17
    3040 -0.58102540E+01 -0.12923223E-17
    3041 -0.58103642E+01 -0.12923196E-17
    3042 -0.58104613E+01 -0.12923219E-17
    3043 -0.58105676E+01 -0.12923224E-17
    3044 -0.58106452E+01 -0.12923213E-17
    3045 -0.58107160E+01 -0.12923200E-17
    3046 -0.58108075E+01 -0.12923207E-17
    3047 -0.58109284E+01 -0.12923208E-17
    3048 -0.58110063E+01 -0.12923217E-17
    3049 -0.58110818E+01 -0.12923209E-17
    3050 -0.58111668E+01 -0.12923203E-17
    3051 -0.58113358E+01 -0.12923186E-17
    3052 -0.58113896E+01 -0.12923197E-17
    3053 -0.58115552E+01 -0.12923167E-17
    3054 -0.58116909E+01 -0.12923174E-17
    3055 -0.58117628E+01 -0.12923161E-17
    3056 -0.58119105E+01 -0.12923158E-17
    3057 -0.58119640E+01 -0.12923169E-17
    3058 -0.58120121E+01 -0.12923185E-17
    3059 -0.58120824E+01 -0.12923160E-17
    3060 -0.58121501E+01 -0.12923168E-17
    3061 -0.58122263E+01 -0.12923153E-17
    3062 -0.58123272E+01 -0.12923163E-17
    3063 -0.58124089E+01 -0.12923180E-17
    3064 -0.58125569E+01 -0.12923189E-17
    3065 -0.58126401E+01 -0.12923160E-17
    3066 -0.58127286E+01 -0.12923159E-17
    3067 -0.58128550E+01 -0.12923173E-17
    3068 -0.58129381E+01 -0.12923144E-17
    3069 -0.58130582E+01 -0.12923164E-17
    3070 -0.58131670E+01 -0.12923171E-17
    3071 -0.58132674E+01 -0.12923191E-17
    3072 -0.58133762E+01 -0.12923191E-17
    3073 -0.58134827E+01 -0.12923164E-17
    3074 -0.58135978E+01 -0.12923175E-17
    3075 -0.58137181E+01 -0.12923146E-17
    3076 -0.58138363E+01 -0.12923142E-17
    3077 -0.58139444E+01 -0.12923155E-17
    3078 -0.58141208E+01 -0.12923139E-17
    3079 -0.58142703E+01 -0.12923117E-17
    3080 -0.58144200E+01 -0.12923117E-17
    3081 -0.58145681E+01 -0.12923097E-17
    3082 -0.58147494E+01 -0.12923071E-17
    3083 -0.58148865E+01 -0.12923094E-17
    3084 -0.58149560E+01 -0.12923095E-17
    3085 -0.58151087E+01 -0.12923117E-17
    3086 -0.58151890E+01 -0.12923115E-17
    3087 -0.58152813E+01 -0.12923131E-17
    3088 -0.58153705E+01 -0.12923135E-17
    3089 -0.58154699E+01 -0.12923138E-17
    3090 -0.58155999E+01 -0.12923109E-17
    3091 -0.58157021E+01 -0.12923103E-17
    3092 -0.58158400E+01 -0.12923117E-17
    3093 -0.58159570E+01 -0.12923094E-17
    3094 -0.58160459E+01 -0.12923099E-17
    3095 -0.58161041E+01 -0.12923089E-17
    3096 -0.58161920E+01 -0.12923142E-17
    3097 -0.58162963E+01 -0.12923163E-17
    3098 -0.58163737E+01 -0.12923154E-17
    3099 -0.58164177E+01 -0.12923161E-17
    3100 -0.58165007E+01 -0.12923187E-17
    3101 -0.58165594E+01 -0.12923190E-17
    3102 -0.58166444E+01 -0.12923201E-17
    3103 -0.58167188E+01 -0.12923207E-17
    3104 -0.58168100E+01 -0.12923210E-17
    3105 -0.58169236E+01 -0.12923204E-17
    3106 -0.58170681E+01 -0.12923214E-17
    3107 -0.58172222E+01 -0.12923242E-17
    3108 -0.58174245E+01 -0.12923232E-17
    3109 -0.58175325E+01 -0.12923209E-17
    3110 -0.58177318E+01 -0.12923208E-17
    3111 -0.58178341E+01 -0.12923206E-17
    3112 -0.58179505E+01 -0.12923194E-17
    3113 -0.58180733E+01 -0.12923211E-17
    3114 -0.58181689E+01 -0.12923223E-17
    3115 -0.58182736E+01 -0.12923237E-17
    3116 -0.58183760E+01 -0.12923240E-17
    3117 -0.58185055E+01 -0.12923225E-17
    3118 -0.58186535E+01 -0.12923209E-17
    3119 -0.58187711E+01 -0.12923192E-17
    3120 -0.58188936E+01 -0.12923191E-17
    3121 -0.58190235E+01 -0.12923200E-17
    3122 -0.58190985E+01 -0.12923232E-17
    3123 -0.58192383E+01 -0.12923259E-17
    3124 -0.58193115E+01 -0.12923283E-17
    3125 -0.58193879E+01 -0.12923279E-17
    3126 -0.58195038E+01 -0.12923293E-17
    3127 -0.58195933E+01 -0.12923279E-17
    3128 -0.58196720E+01 -0.12923274E-17
    3129 -0.58197556E+01 -0.12923271E-17
    3130 -0.58198755E+01 -0.12923242E-17
    3131 -0.58199878E+01 -0.12923273E-17
    3132 -0.58201645E+01 -0.12923249E-17
    3133 -0.58202662E+01 -0.12923236E-17
    3134 -0.58203762E+01 -0.12923234E-17
    3135 -0.58204631E+01 -0.12923237E-17
    3136 -0.58205662E+01 -0.12923241E-17
    3137 -0.58206761E+01 -0.12923237E-17
    3138 -0.58207740E+01 -0.12923232E-17
    3139 -0.58208811E+01 -0.12923219E-17
    3140 -0.58209995E+01 -0.12923223E-17
    3141 -0.58210874E+01 -0.12923231E-17
    3142 -0.58211923E+01 -0.12923222E-17
    3143 -0.58212723E+01 -0.12923211E-17
    3144 -0.58214518E+01 -0.12923177E-17
    3145 -0.58215922E+01 -0.12923155E-17
    3146 -0.58216869E+01 -0.12923132E-17
    3147 -0.58217976E+01 -0.12923129E-17
    3148 -0.58219508E+01 -0.12923106E-17
    3149 -0.58220366E+01 -0.12923117E-17
    3150 -0.58222101E+01 -0.12923101E-17
    3151 -0.58222833E+01 -0.12923092E-17
    3152 -0.58223727E+01 -0.12923069E-17
    3153 -0.58225196E+01 -0.12923012E-17
    3154 -0.58226278E+01 -0.12923017E-17
    3155 -0.58227111E+01 -0.12923044E-17
    3156 -0.58227717E+01 -0.12923040E-17
    3157 -0.58228609E+01 -0.12923061E-17
    3158 -0.58229625E+01 -0.12923060E-17
    3159 -0.58230637E+01 -0.12923045E-17
    3160 -0.58231653E+01 -0.12923065E-17
    3161 -0.58232407E+01 -0.12923077E-17
    3162 -0.58233665E+01 -0.12923061E-17
    3163 -0.58234706E+01 -0.12923063E-17
    3164 -0.58236086E+01 -0.12923050E-17
    3165 -0.58237389E+01 -0.12923045E-17
    3166 -0.58238428E+01 -0.12923053E-17
    3167 -0.58240037E+01 -0.12923006E-17
    3168 -0.58241170E+01 -0.12922986E-17
    3169 -0.58242433E+01 -0.12922995E-17
    3170 -0.58243518E+01 -0.12922981E-17
    3171 -0.58244671E+01 -0.12922974E-17
    3172 -0.58246075E+01 -0.12922938E-17
    3173 -0.58247278E+01 -0.12922921E-17
    3174 -0.58248456E+01 -0.12922953E-17
    3175 -0.58249163E+01 -0.12922967E-17
    3176 -0.58250654E+01 -0.12922947E-17
    3177 -0.58252818E+01 -0.12922968E-17
    3178 -0.58254269E+01 -0.12922937E-17
    3179 -0.58255485E+01 -0.12922930E-17
    3180 -0.58256385E+01 -0.12922918E-17
    3181 -0.58258679E+01 -0.12922942E-17
    3182 -0.58260437E+01 -0.12922950E-17
    3183 -0.58261827E+01 -0.12922930E-17
    3184 -0.58263151E+01 -0.12922932E-17
    3185 -0.58265073E+01 -0.12922891E-17
    3186 -0.58266479E+01 -0.12922864E-17
    3187 -0.58267910E+01 -0.12922853E-17
    3188 -0.58269342E+01 -0.12922868E-17
    3189 -0.58270766E+01 -0.12922885E-17
    3190 -0.58272099E+01 -0.12922853E-17
    3191 -0.58273644E+01 -0.12922923E-17
    3192 -0.58274947E+01 -0.12922937E-17
    3193 -0.58276331E+01 -0.12922963E-17
    3194 -0.58277546E+01 -0.12922971E-17
    3195 -0.58279210E+01 -0.12922962E-17
    3196 -0.58280405E+01 -0.12922932E-17
    3197 -0.58281462E+01 -0.12922931E-17
    3198 -0.58282768E+01 -0.12922878E-17
    3199 -0.58284053E+01 -0.12922878E-17
    3200 -0.58285361E+01 -0.12922903E-17
    3201 -0.58286308E+01 -0.12922898E-17
    3202 -0.58287413E+01 -0.12922907E-17
    3203 -0.58288832E+01 -0.12922956E-17
    3204 -0.58289963E+01 -0.12922941E-17
    3205 -0.58291571E+01 -0.12922957E-17
    3206 -0.58293024E+01 -0.12922972E-17
    3207 -0.58294145E+01 -0.12922999E-17
    3208 -0.58295243E+01 -0.12923014E-17
    3209 -0.58296043E+01 -0.12923038E-17
    3210 -0.58297603E+01 -0.12923027E-17
    3211 -0.58298915E+01 -0.12923003E-17
    3212 -0.58300017E+01 -0.12922991E-17
    3213 -0.58301486E+01 -0.12922947E-17
    3214 -0.58302622E+01 -0.12922966E-17
    3215 -0.58303591E+01 -0.12922979E-17
    3216 -0.58304750E+01 -0.12922971E-17
    3217 -0.58305850E+01 -0.12922954E-17
    3218 -0.58307126E+01 -0.12922949E-17
    3219 -0.58308200E+01 -0.12922901E-17
    3220 -0.58309363E+01 -0.12922922E-17
    3221 -0.58310743E+01 -0.12922898E-17
    3222 -0.58312019E+01 -0.12922924E-17
    3223 -0.58313155E+01 -0.12922972E-17
    3224 -0.58314123E+01 -0.12922964E-17
    3225 -0.58315041E+01 -0.12922952E-17
    3226 -0.58315793E+01 -0.12922908E-17
    3227 -0.58316768E+01 -0.12922905E-17
    3228 -0.58317595E+01 -0.12922919E-17
    3229 -0.58318543E+01 -0.12922908E-17
    3230 -0.58319791E+01 -0.12922923E-17
    3231 -0.58320948E+01 -0.12922940E-17
    3232 -0.58322081E+01 -0.12922946E-17
    3233 -0.58323293E+01 -0.12922963E-17
    3234 -0.58324525E+01 -0.12922995E-17
    3235 -0.58325320E+01 -0.12922974E-17
    3236 -0.58326442E+01 -0.12922964E-17
    3237 -0.58327374E+01 -0.12922968E-17
    3238 -0.58328430E+01 -0.12922971E-17
    3239 -0.58329247E+01 -0.12922973E-17
    3240 -0.58330364E+01 -0.12922951E-17
    3241 -0.58331022E+01 -0.12922948E-17
    3242 -0.58332665E+01 -0.12922915E-17
    3243 -0.58333971E+01 -0.12922972E-17
    3244 -0.58334954E+01 -0.12922952E-17
    3245 -0.58335799E+01 -0.12922943E-17
    3246 -0.58336942E+01 -0.12922953E-17
    3247 -0.58338107E+01 -0.12922902E-17
    3248 -0.58339018E+01 -0.12922901E-17
    3249 -0.58340550E+01 -0.12922875E-17
    3250 -0.58341667E+01 -0.12922886E-17
    3251 -0.58342215E+01 -0.12922882E-17
    3252 -0.58342967E+01 -0.12922899E-17
    3253 -0.58343718E+01 -0.12922890E-17
    3254 -0.58344583E+01 -0.12922916E-17
    3255 -0.58345483E+01 -0.12922921E-17
    3256 -0.58346373E+01 -0.12922919E-17
    3257 -0.58347012E+01 -0.12922889E-17
    3258 -0.58347503E+01 -0.12922892E-17
    3259 -0.58348201E+01 -0.12922912E-17
    3260 -0.58348777E+01 -0.12922900E-17
    3261 -0.58349566E+01 -0.12922905E-17
    3262 -0.58350091E+01 -0.12922917E-17
    3263 -0.58351083E+01 -0.12922914E-17
    3264 -0.58352018E+01 -0.12922930E-17
    3265 -0.58352788E+01 -0.12922920E-17
    3266 -0.58353731E+01 -0.12922937E-17
    3267 -0.58354903E+01 -0.12922943E-17
    3268 -0.58355777E+01 -0.12922949E-17
    3269 -0.58356508E+01 -0.12922950E-17
    3270 -0.58357414E+01 -0.12922949E-17
    3271 -0.58357953E+01 -0.12922946E-17
    3272 -0.58358445E+01 -0.12922961E-17
    3273 -0.58359500E+01 -0.12922947E-17
    3274 -0.58360833E+01 -0.12923004E-17
    3275 -0.58361513E+01 -0.12922997E-17
    3276 -0.58362527E+01 -0.12923010E-17
    3277 -0.58363006E+01 -0.12923019E-17
    3278 -0.58363825E+01 -0.12923007E-17
    3279 -0.58364283E+01 -0.12923014E-17
    3280 -0.58364990E+01 -0.12923015E-17
    3281 -0.58365464E+01 -0.12923011E-17
    3282 -0.58366121E+01 -0.12923028E-17
    3283 -0.58366696E+01 -0.12923014E-17
    3284 -0.58367025E+01 -0.12923024E-17
    3285 -0.58367485E+01 -0.12923012E-17
    3286 -0.58368696E+01 -0.12922984E-17
    3287 -0.58369466E+01 -0.12922991E-17
    3288 -0.58370913E+01 -0.12923063E-17
    3289 -0.58371918E+01 -0.12923047E-17
    3290 -0.58373308E+01 -0.12923071E-17
    3291 -0.58374019E+01 -0.12923061E-17
    3292 -0.58375523E+01 -0.12923064E-17
    3293 -0.58377130E+01 -0.12923142E-17
    3294 -0.58378424E+01 -0.12923134E-17
    3295 -0.58380236E+01 -0.12923102E-17
    3296 -0.58381454E+01 -0.12923101E-17
    3297 -0.58382964E+01 -0.12923101E-17
    3298 -0.58384615E+01 -0.12923092E-17
    3299 -0.58385777E+01 -0.12923118E-17
    3300 -0.58386995E+01 -0.12923102E-17
    3301 -0.58388121E+01 -0.12923093E-17
    3302 -0.58389228E+01 -0.12923091E-17
    3303 -0.58390453E+01 -0.12923041E-17
    3304 -0.58391653E+01 -0.12923006E-17
    3305 -0.58392565E+01 -0.12923013E-17
    3306 -0.58393495E+01 -0.12923020E-17
    3307 -0.58394035E+01 -0.12923016E-17
    3308 -0.58394633E+01 -0.12923017E-17
    3309 -0.58395351E+01 -0.12923030E-17
    3310 -0.58396390E+01 -0.12923021E-17
    3311 -0.58397101E+01 -0.12923008E-17
    3312 -0.58397884E+01 -0.12923000E-17
    3313 -0.58398966E+01 -0.12923002E-17
    3314 -0.58399770E+01 -0.12922991E-17
    3315 -0.58400564E+01 -0.12922994E-17
    3316 -0.58401933E+01 -0.12923014E-17
    3317 -0.58402710E+01 -0.12923033E-17
    3318 -0.58403730E+01 -0.12923035E-17
    3319 -0.58404689E+01 -0.12923047E-17
    3320 -0.58405469E+01 -0.12923087E-17
    3321 -0.58406416E+01 -0.12923082E-17
    3322 -0.58407377E+01 -0.12923082E-17
    3323 -0.58408605E+01 -0.12923055E-17
    3324 -0.58409314E+01 -0.12923055E-17
    3325 -0.58409990E+01 -0.12923062E-17
    3326 -0.58410677E+01 -0.12923062E-17
    3327 -0.58411771E+01 -0.12923071E-17
    3328 -0.58412610E+01 -0.12923090E-17
    3329 -0.58413607E+01 -0.12923093E-17
